,midi_note,onset,duration,velocity,pitch_class,interval,root,relative_pitch,relative_pitch_class,parsons_code,parsons_cumsum
0,62,0,2,105,2,0,2,0,0,0,0
1,66,2,1,80,6,4,2,4,4,1,1
2,69,3,1,80,9,3,2,7,7,1,2
3,74,4,2,95,2,5,2,12,0,1,3
4,69,6,1,80,9,-5,2,7,7,-1,2
5,66,7,1,80,6,-3,2,4,4,-1,1
6,74,8,2,105,2,8,2,12,0,1,2
7,69,10,1,80,9,-5,2,7,7,-1,1
8,66,11,1,80,6,-3,2,4,4,-1,0
9,67,12,1,95,7,1,2,5,5,1,1
10,64,13,1,80,4,-3,2,2,2,-1,0
11,64,14,2,80,4,0,2,2,2,0,0
12,62,16,2,105,2,-2,2,0,0,-1,-1
13,66,18,1,80,6,4,2,4,4,1,0
14,69,19,1,80,9,3,2,7,7,1,1
15,74,20,2,95,2,5,2,12,0,1,2
16,69,22,1,80,9,-5,2,7,7,-1,1
17,66,23,1,80,6,-3,2,4,4,-1,0
18,67,24,1,105,7,1,2,5,5,1,1
19,71,25,1,80,11,4,2,9,9,1,2
20,69,26,1,80,9,-2,2,7,7,-1,1
21,67,27,1,80,7,-2,2,5,5,-1,0
22,66,28,1,95,6,-1,2,4,4,-1,-1
23,62,29,1,80,2,-4,2,0,0,-1,-2
24,62,30,2,80,2,0,2,0,0,0,-2
25,62,32,2,105,2,0,2,0,0,0,-2
26,66,34,1,80,6,4,2,4,4,1,-1
27,69,35,1,80,9,3,2,7,7,1,0
28,74,36,2,95,2,5,2,12,0,1,1
29,69,38,1,80,9,-5,2,7,7,-1,0
30,66,39,1,80,6,-3,2,4,4,-1,-1
31,74,40,2,105,2,8,2,12,0,1,0
32,69,42,1,80,9,-5,2,7,7,-1,-1
33,66,43,1,80,6,-3,2,4,4,-1,-2
34,67,44,1,95,7,1,2,5,5,1,-1
35,64,45,1,80,4,-3,2,2,2,-1,-2
36,64,46,2,80,4,0,2,2,2,0,-2
37,62,48,2,105,2,-2,2,0,0,-1,-3
38,66,50,1,80,6,4,2,4,4,1,-2
39,69,51,1,80,9,3,2,7,7,1,-1
40,74,52,2,95,2,5,2,12,0,1,0
41,69,54,1,80,9,-5,2,7,7,-1,-1
42,66,55,1,80,6,-3,2,4,4,-1,-2
43,67,56,1,105,7,1,2,5,5,1,-1
44,71,57,1,80,11,4,2,9,9,1,0
45,69,58,1,80,9,-2,2,7,7,-1,-1
46,67,59,1,80,7,-2,2,5,5,-1,-2
47,66,60,1,95,6,-1,2,4,4,-1,-3
48,62,61,1,80,2,-4,2,0,0,-1,-4
49,62,62,2,80,2,0,2,0,0,0,-4
50,74,64,1,105,2,12,2,12,0,1,-3
51,73,65,1,80,1,-1,2,11,11,-1,-4
52,74,66,1,80,2,1,2,12,0,1,-3
53,71,67,1,80,11,-3,2,9,9,-1,-4
54,73,68,1,95,1,2,2,11,11,1,-3
55,74,69,1,80,2,1,2,12,0,1,-2
56,76,70,1,80,4,2,2,14,2,1,-1
57,73,71,1,80,1,-3,2,11,11,-1,-2
58,74,72,1,105,2,1,2,12,0,1,-1
59,73,73,1,80,1,-1,2,11,11,-1,-2
60,74,74,1,80,2,1,2,12,0,1,-1
61,76,75,1,80,4,2,2,14,2,1,0
62,78,76,1,95,6,2,2,16,4,1,1
63,71,77,1,80,11,-7,2,9,9,-1,0
64,71,78,1,80,11,0,2,9,9,0,0
65,73,79,1,80,1,2,2,11,11,1,1
66,74,80,1,105,2,1,2,12,0,1,2
67,73,81,1,80,1,-1,2,11,11,-1,1
68,74,82,1,80,2,1,2,12,0,1,2
69,71,83,1,80,11,-3,2,9,9,-1,1
70,73,84,1,95,1,2,2,11,11,1,2
71,74,85,1,80,2,1,2,12,0,1,3
72,76,86,1,80,4,2,2,14,2,1,4
73,73,87,1,80,1,-3,2,11,11,-1,3
74,74,88,1,105,2,1,2,12,0,1,4
75,71,89,1,80,11,-3,2,9,9,-1,3
76,69,90,1,80,9,-2,2,7,7,-1,2
77,67,91,1,80,7,-2,2,5,5,-1,1
78,66,92,1,95,6,-1,2,4,4,-1,0
79,62,93,1,80,2,-4,2,0,0,-1,-1
80,62,94,2,80,2,0,2,0,0,0,-1
81,74,96,1,105,2,12,2,12,0,1,0
82,73,97,1,80,1,-1,2,11,11,-1,-1
83,74,98,1,80,2,1,2,12,0,1,0
84,71,99,1,80,11,-3,2,9,9,-1,-1
85,73,100,1,95,1,2,2,11,11,1,0
86,74,101,1,80,2,1,2,12,0,1,1
87,76,102,1,80,4,2,2,14,2,1,2
88,73,103,1,80,1,-3,2,11,11,-1,1
89,74,104,1,105,2,1,2,12,0,1,2
90,73,105,1,80,1,-1,2,11,11,-1,1
91,74,106,1,80,2,1,2,12,0,1,2
92,76,107,1,80,4,2,2,14,2,1,3
93,78,108,1,95,6,2,2,16,4,1,4
94,71,109,1,80,11,-7,2,9,9,-1,3
95,71,110,1,80,11,0,2,9,9,0,3
96,74,111,1,80,2,3,2,12,0,1,4
97,73,112,1,105,1,-1,2,11,11,-1,3
98,69,113,1,80,9,-4,2,7,7,-1,2
99,76,114,1,80,4,7,2,14,2,1,3
100,73,115,1,80,1,-3,2,11,11,-1,2
101,74,116,1,95,2,1,2,12,0,1,3
102,69,117,1,80,9,-5,2,7,7,-1,2
103,71,118,1,80,11,2,2,9,9,1,3
104,67,119,1,80,7,-4,2,5,5,-1,2
105,66,120,1,105,6,-1,2,4,4,-1,1
106,69,121,1,80,9,3,2,7,7,1,2
107,64,122,1,80,4,-5,2,2,2,-1,1
108,67,123,1,80,7,3,2,5,5,1,2
109,66,124,1,95,6,-1,2,4,4,-1,1
110,62,125,1,80,2,-4,2,0,0,-1,0
111,62,126,2,80,2,0,2,0,0,0,0
