,midi_note,onset,duration,velocity,pitch_class,interval,root,relative_pitch,relative_pitch_class,parsons_code,parsons_cumsum
0,69,0,2,105,9,0,2,7,7,0,0
1,67,2,1,80,7,-2,2,5,5,-1,-1
2,64,3,1,80,4,-3,2,2,2,-1,-2
3,66,4,1,95,6,2,2,4,4,1,-1
4,62,5,1,80,2,-4,2,0,0,-1,-2
5,62,6,1,80,2,0,2,0,0,0,-2
6,66,7,1,80,6,4,2,4,4,1,-1
7,67,8,2,105,7,1,2,5,5,1,0
8,64,10,1,80,4,-3,2,2,2,-1,-1
9,60,11,1,80,0,-4,2,-2,10,-1,-2
10,67,12,1,95,7,7,2,5,5,1,-1
11,60,13,1,80,0,-7,2,-2,10,-1,-2
12,64,14,1,80,4,4,2,2,2,1,-1
13,67,15,1,80,7,3,2,5,5,1,0
14,69,16,2,105,9,2,2,7,7,1,1
15,67,18,1,80,7,-2,2,5,5,-1,0
16,64,19,1,80,4,-3,2,2,2,-1,-1
17,66,20,1,95,6,2,2,4,4,1,0
18,62,21,1,80,2,-4,2,0,0,-1,-1
19,62,22,1,80,2,0,2,0,0,0,-1
20,66,23,1,80,6,4,2,4,4,1,0
21,62,24,1,105,2,-4,2,0,0,-1,-1
22,64,25,1,80,4,2,2,2,2,1,0
23,66,26,1,80,6,2,2,4,4,1,1
24,67,27,1,80,7,1,2,5,5,1,2
25,69,28,1,95,9,2,2,7,7,1,3
26,74,29,1,80,2,5,2,12,0,1,4
27,74,30,1,80,2,0,2,12,0,0,4
28,73,31,1,80,1,-1,2,11,11,-1,3
29,69,32,2,105,9,-4,2,7,7,-1,2
30,67,34,1,80,7,-2,2,5,5,-1,1
31,64,35,1,80,4,-3,2,2,2,-1,0
32,66,36,1,95,6,2,2,4,4,1,1
33,62,37,1,80,2,-4,2,0,0,-1,0
34,62,38,1,80,2,0,2,0,0,0,0
35,66,39,1,80,6,4,2,4,4,1,1
36,67,40,2,105,7,1,2,5,5,1,2
37,64,42,1,80,4,-3,2,2,2,-1,1
38,60,43,1,80,0,-4,2,-2,10,-1,0
39,67,44,1,95,7,7,2,5,5,1,1
40,60,45,1,80,0,-7,2,-2,10,-1,0
41,66,46,1,80,6,6,2,4,4,1,1
42,64,47,1,80,4,-2,2,2,2,-1,0
43,62,48,1,105,2,-2,2,0,0,-1,-1
44,64,49,1,80,4,2,2,2,2,1,0
45,66,50,1,80,6,2,2,4,4,1,1
46,67,51,1,80,7,1,2,5,5,1,2
47,69,52,1,95,9,2,2,7,7,1,3
48,73,53,1,80,1,4,2,11,11,1,4
49,74,54,1,80,2,1,2,12,0,1,5
50,76,55,1,80,4,2,2,14,2,1,6
51,78,56,1,105,6,2,2,16,4,1,7
52,81,57,1,80,9,3,2,19,7,1,8
53,79,58,1,80,7,-2,2,17,5,-1,7
54,76,59,1,80,4,-3,2,14,2,-1,6
55,78,60,1,95,6,2,2,16,4,1,7
56,74,61,1,80,2,-4,2,12,0,-1,6
57,76,62,1,80,4,2,2,14,2,1,7
58,73,63,1,80,1,-3,2,11,11,-1,6
59,69,64,2,105,9,-4,2,7,7,-1,5
60,67,66,1,80,7,-2,2,5,5,-1,4
61,64,67,1,80,4,-3,2,2,2,-1,3
62,66,68,1,95,6,2,2,4,4,1,4
63,62,69,1,80,2,-4,2,0,0,-1,3
64,62,70,1,80,2,0,2,0,0,0,3
65,66,71,1,80,6,4,2,4,4,1,4
66,67,72,2,105,7,1,2,5,5,1,5
67,64,74,1,80,4,-3,2,2,2,-1,4
68,60,75,1,80,0,-4,2,-2,10,-1,3
69,67,76,1,95,7,7,2,5,5,1,4
70,60,77,1,80,0,-7,2,-2,10,-1,3
71,64,78,1,80,4,4,2,2,2,1,4
72,67,79,1,80,7,3,2,5,5,1,5
73,69,80,2,105,9,2,2,7,7,1,6
74,67,82,1,80,7,-2,2,5,5,-1,5
75,64,83,1,80,4,-3,2,2,2,-1,4
76,66,84,1,95,6,2,2,4,4,1,5
77,62,85,1,80,2,-4,2,0,0,-1,4
78,62,86,1,80,2,0,2,0,0,0,4
79,66,87,1,80,6,4,2,4,4,1,5
80,62,88,1,105,2,-4,2,0,0,-1,4
81,64,89,1,80,4,2,2,2,2,1,5
82,66,90,1,80,6,2,2,4,4,1,6
83,67,91,1,80,7,1,2,5,5,1,7
84,69,92,1,95,9,2,2,7,7,1,8
85,74,93,1,80,2,5,2,12,0,1,9
86,74,94,1,80,2,0,2,12,0,0,9
87,73,95,1,80,1,-1,2,11,11,-1,8
88,69,96,2,105,9,-4,2,7,7,-1,7
89,67,98,1,80,7,-2,2,5,5,-1,6
90,64,99,1,80,4,-3,2,2,2,-1,5
91,66,100,1,95,6,2,2,4,4,1,6
92,62,101,1,80,2,-4,2,0,0,-1,5
93,62,102,1,80,2,0,2,0,0,0,5
94,66,103,1,80,6,4,2,4,4,1,6
95,67,104,2,105,7,1,2,5,5,1,7
96,64,106,1,80,4,-3,2,2,2,-1,6
97,60,107,1,80,0,-4,2,-2,10,-1,5
98,67,108,1,95,7,7,2,5,5,1,6
99,60,109,1,80,0,-7,2,-2,10,-1,5
100,66,110,1,80,6,6,2,4,4,1,6
101,64,111,1,80,4,-2,2,2,2,-1,5
102,62,112,1,105,2,-2,2,0,0,-1,4
103,64,113,1,80,4,2,2,2,2,1,5
104,66,114,1,80,6,2,2,4,4,1,6
105,67,115,1,80,7,1,2,5,5,1,7
106,69,116,1,95,9,2,2,7,7,1,8
107,73,117,1,80,1,4,2,11,11,1,9
108,74,118,1,80,2,1,2,12,0,1,10
109,76,119,1,80,4,2,2,14,2,1,11
110,78,120,1,105,6,2,2,16,4,1,12
111,81,121,1,80,9,3,2,19,7,1,13
112,79,122,1,80,7,-2,2,17,5,-1,12
113,76,123,1,80,4,-3,2,14,2,-1,11
114,78,124,1,95,6,2,2,16,4,1,12
115,74,125,1,80,2,-4,2,12,0,-1,11
116,74,126,1,80,2,0,2,12,0,0,11
117,79,127,1,80,7,5,2,17,5,1,12
118,78,128,1,105,6,-1,2,16,4,-1,11
119,74,129,1,80,2,-4,2,12,0,-1,10
120,74,130,1,80,2,0,2,12,0,0,10
121,73,131,1,80,1,-1,2,11,11,-1,9
122,74,132,1,95,2,1,2,12,0,1,10
123,78,133,1,80,6,4,2,16,4,1,11
124,81,134,1,80,9,3,2,19,7,1,12
125,78,135,1,80,6,-3,2,16,4,-1,11
126,76,136,1,105,4,-2,2,14,2,-1,10
127,73,137,1,80,1,-3,2,11,11,-1,9
128,69,138,1,80,9,-4,2,7,7,-1,8
129,67,139,1,80,7,-2,2,5,5,-1,7
130,66,140,1,95,6,-1,2,4,4,-1,6
131,62,141,1,80,2,-4,2,0,0,-1,5
132,62,142,1,80,2,0,2,0,0,0,5
133,79,143,1,80,7,17,2,17,5,1,6
134,78,144,1,105,6,-1,2,16,4,-1,5
135,74,145,1,80,2,-4,2,12,0,-1,4
136,74,146,1,80,2,0,2,12,0,0,4
137,73,147,1,80,1,-1,2,11,11,-1,3
138,74,148,1,95,2,1,2,12,0,1,4
139,78,149,1,80,6,4,2,16,4,1,5
140,81,150,1,80,9,3,2,19,7,1,6
141,78,151,1,80,6,-3,2,16,4,-1,5
142,76,152,1,105,4,-2,2,14,2,-1,4
143,78,153,1,80,6,2,2,16,4,1,5
144,79,154,1,80,7,1,2,17,5,1,6
145,81,155,1,80,9,2,2,19,7,1,7
146,78,156,1,95,6,-3,2,16,4,-1,6
147,74,157,1,80,2,-4,2,12,0,-1,5
148,74,158,1,80,2,0,2,12,0,0,5
149,79,159,1,80,7,5,2,17,5,1,6
150,78,160,1,105,6,-1,2,16,4,-1,5
151,74,161,1,80,2,-4,2,12,0,-1,4
152,74,162,1,80,2,0,2,12,0,0,4
153,73,163,1,80,1,-1,2,11,11,-1,3
154,74,164,1,95,2,1,2,12,0,1,4
155,78,165,1,80,6,4,2,16,4,1,5
156,81,166,1,80,9,3,2,19,7,1,6
157,78,167,1,80,6,-3,2,16,4,-1,5
158,76,168,1,105,4,-2,2,14,2,-1,4
159,73,169,1,80,1,-3,2,11,11,-1,3
160,69,170,1,80,9,-4,2,7,7,-1,2
161,67,171,1,80,7,-2,2,5,5,-1,1
162,66,172,1,95,6,-1,2,4,4,-1,0
163,67,173,1,80,7,1,2,5,5,1,1
164,64,174,1,80,4,-3,2,2,2,-1,0
165,66,175,1,80,6,2,2,4,4,1,1
166,62,176,1,105,2,-4,2,0,0,-1,0
167,64,177,1,80,4,2,2,2,2,1,1
168,66,178,1,80,6,2,2,4,4,1,2
169,67,179,1,80,7,1,2,5,5,1,3
170,69,180,1,95,9,2,2,7,7,1,4
171,74,181,1,80,2,5,2,12,0,1,5
172,74,182,1,80,2,0,2,12,0,0,5
173,76,183,1,80,4,2,2,14,2,1,6
174,78,184,1,105,6,2,2,16,4,1,7
175,81,185,1,80,9,3,2,19,7,1,8
176,79,186,1,80,7,-2,2,17,5,-1,7
177,76,187,1,80,4,-3,2,14,2,-1,6
178,78,188,1,95,6,2,2,16,4,1,7
179,74,189,1,80,2,-4,2,12,0,-1,6
180,74,190,1,80,2,0,2,12,0,0,6
181,79,191,1,80,7,5,2,17,5,1,7
182,78,192,1,105,6,-1,2,16,4,-1,6
183,74,193,1,80,2,-4,2,12,0,-1,5
184,74,194,1,80,2,0,2,12,0,0,5
185,73,195,1,80,1,-1,2,11,11,-1,4
186,74,196,1,95,2,1,2,12,0,1,5
187,78,197,1,80,6,4,2,16,4,1,6
188,81,198,1,80,9,3,2,19,7,1,7
189,78,199,1,80,6,-3,2,16,4,-1,6
190,76,200,1,105,4,-2,2,14,2,-1,5
191,73,201,1,80,1,-3,2,11,11,-1,4
192,69,202,1,80,9,-4,2,7,7,-1,3
193,67,203,1,80,7,-2,2,5,5,-1,2
194,66,204,1,95,6,-1,2,4,4,-1,1
195,62,205,1,80,2,-4,2,0,0,-1,0
196,62,206,1,80,2,0,2,0,0,0,0
197,79,207,1,80,7,17,2,17,5,1,1
198,78,208,1,105,6,-1,2,16,4,-1,0
199,74,209,1,80,2,-4,2,12,0,-1,-1
200,74,210,1,80,2,0,2,12,0,0,-1
201,73,211,1,80,1,-1,2,11,11,-1,-2
202,74,212,1,95,2,1,2,12,0,1,-1
203,78,213,1,80,6,4,2,16,4,1,0
204,81,214,1,80,9,3,2,19,7,1,1
205,78,215,1,80,6,-3,2,16,4,-1,0
206,76,216,1,105,4,-2,2,14,2,-1,-1
207,78,217,1,80,6,2,2,16,4,1,0
208,79,218,1,80,7,1,2,17,5,1,1
209,81,219,1,80,9,2,2,19,7,1,2
210,78,220,1,95,6,-3,2,16,4,-1,1
211,74,221,1,80,2,-4,2,12,0,-1,0
212,74,222,1,80,2,0,2,12,0,0,0
213,79,223,1,80,7,5,2,17,5,1,1
214,78,224,1,105,6,-1,2,16,4,-1,0
215,74,225,1,80,2,-4,2,12,0,-1,-1
216,74,226,1,80,2,0,2,12,0,0,-1
217,73,227,1,80,1,-1,2,11,11,-1,-2
218,74,228,1,95,2,1,2,12,0,1,-1
219,78,229,1,80,6,4,2,16,4,1,0
220,81,230,1,80,9,3,2,19,7,1,1
221,78,231,1,80,6,-3,2,16,4,-1,0
222,76,232,1,105,4,-2,2,14,2,-1,-1
223,73,233,1,80,1,-3,2,11,11,-1,-2
224,69,234,1,80,9,-4,2,7,7,-1,-3
225,67,235,1,80,7,-2,2,5,5,-1,-4
226,66,236,1,95,6,-1,2,4,4,-1,-5
227,67,237,1,80,7,1,2,5,5,1,-4
228,64,238,1,80,4,-3,2,2,2,-1,-5
229,66,239,1,80,6,2,2,4,4,1,-4
230,62,240,1,105,2,-4,2,0,0,-1,-5
231,64,241,1,80,4,2,2,2,2,1,-4
232,66,242,1,80,6,2,2,4,4,1,-3
233,67,243,1,80,7,1,2,5,5,1,-2
234,69,244,1,95,9,2,2,7,7,1,-1
235,74,245,1,80,2,5,2,12,0,1,0
236,74,246,1,80,2,0,2,12,0,0,0
237,76,247,1,80,4,2,2,14,2,1,1
238,78,248,1,105,6,2,2,16,4,1,2
239,81,249,1,80,9,3,2,19,7,1,3
240,79,250,1,80,7,-2,2,17,5,-1,2
241,76,251,1,80,4,-3,2,14,2,-1,1
242,78,252,1,95,6,2,2,16,4,1,2
243,74,253,1,80,2,-4,2,12,0,-1,1
244,76,254,1,80,4,2,2,14,2,1,2
245,73,255,1,80,1,-3,2,11,11,-1,1
246,74,256,8,105,2,1,2,12,0,1,2
