,midi_note,onset,duration,velocity,pitch_class,interval,root,relative_pitch,relative_pitch_class,parsons_code,parsons_cumsum
0,71,0,2,105,11,0,4,7,7,0,0
1,71,2,1,80,11,0,4,7,7,0,0
2,69,3,1,80,9,-2,4,5,5,-1,-1
3,66,4,1,95,6,-3,4,2,2,-1,-2
4,69,5,1,80,9,3,4,5,5,1,-1
5,69,6,1,80,9,0,4,5,5,0,-1
6,66,7,1,80,6,-3,4,2,2,-1,-2
7,64,8,1,105,4,-2,4,0,0,-1,-3
8,71,9,1,80,11,7,4,7,7,1,-2
9,71,10,1,80,11,0,4,7,7,0,-2
10,69,11,1,80,9,-2,4,5,5,-1,-3
11,71,12,1,95,11,2,4,7,7,1,-2
12,76,13,1,80,4,5,4,12,0,1,-1
13,76,14,1,80,4,0,4,12,0,0,-1
14,78,15,1,80,6,2,4,14,2,1,0
15,74,16,1,105,2,-4,4,10,10,-1,-1
16,71,17,1,80,11,-3,4,7,7,-1,-2
17,69,18,1,80,9,-2,4,5,5,-1,-3
18,66,19,1,80,6,-3,4,2,2,-1,-4
19,62,20,1,95,2,-4,4,-2,10,-1,-5
20,64,21,1,80,4,2,4,0,0,1,-4
21,66,22,1,80,6,2,4,2,2,1,-3
22,69,23,1,80,9,3,4,5,5,1,-2
23,71,24,1,105,11,2,4,7,7,1,-1
24,74,25,1,80,2,3,4,10,10,1,0
25,69,26,1,80,9,-5,4,5,5,-1,-1
26,66,27,1,80,6,-3,4,2,2,-1,-2
27,66,28,1,95,6,0,4,2,2,0,-2
28,64,29,1,80,4,-2,4,0,0,-1,-3
29,64,30,2,80,4,0,4,0,0,0,-3
30,71,32,2,105,11,7,4,7,7,1,-2
31,71,34,1,80,11,0,4,7,7,0,-2
32,69,35,1,80,9,-2,4,5,5,-1,-3
33,66,36,1,95,6,-3,4,2,2,-1,-4
34,69,37,1,80,9,3,4,5,5,1,-3
35,69,38,1,80,9,0,4,5,5,0,-3
36,66,39,1,80,6,-3,4,2,2,-1,-4
37,64,40,1,105,4,-2,4,0,0,-1,-5
38,71,41,1,80,11,7,4,7,7,1,-4
39,71,42,1,80,11,0,4,7,7,0,-4
40,69,43,1,80,9,-2,4,5,5,-1,-5
41,71,44,1,95,11,2,4,7,7,1,-4
42,76,45,1,80,4,5,4,12,0,1,-3
43,76,46,1,80,4,0,4,12,0,0,-3
44,78,47,1,80,6,2,4,14,2,1,-2
45,74,48,1,105,2,-4,4,10,10,-1,-3
46,71,49,1,80,11,-3,4,7,7,-1,-4
47,69,50,1,80,9,-2,4,5,5,-1,-5
48,66,51,1,80,6,-3,4,2,2,-1,-6
49,62,52,1,95,2,-4,4,-2,10,-1,-7
50,64,53,1,80,4,2,4,0,0,1,-6
51,66,54,1,80,6,2,4,2,2,1,-5
52,69,55,1,80,9,3,4,5,5,1,-4
53,71,56,1,105,11,2,4,7,7,1,-3
54,74,57,1,80,2,3,4,10,10,1,-2
55,69,58,1,80,9,-5,4,5,5,-1,-3
56,66,59,1,80,6,-3,4,2,2,-1,-4
57,66,60,1,95,6,0,4,2,2,0,-4
58,64,61,1,80,4,-2,4,0,0,-1,-5
59,64,62,2,80,4,0,4,0,0,0,-5
60,64,64,1,105,4,0,4,0,0,0,-5
61,76,65,1,80,4,12,4,12,0,1,-4
62,76,66,1,80,4,0,4,12,0,0,-4
63,78,67,1,80,6,2,4,14,2,1,-3
64,74,68,1,95,2,-4,4,10,10,-1,-4
65,76,69,1,80,4,2,4,12,0,1,-3
66,78,70,1,80,6,2,4,14,2,1,-2
67,74,71,1,80,2,-4,4,10,10,-1,-3
68,71,72,1,105,11,-3,4,7,7,-1,-4
69,69,73,1,80,9,-2,4,5,5,-1,-5
70,71,74,1,80,11,2,4,7,7,1,-4
71,73,75,1,80,1,2,4,9,9,1,-3
72,74,76,1,95,2,1,4,10,10,1,-2
73,76,77,1,80,4,2,4,12,0,1,-1
74,78,78,1,80,6,2,4,14,2,1,0
75,76,79,1,80,4,-2,4,12,0,-1,-1
76,74,80,1,105,2,-2,4,10,10,-1,-2
77,71,81,1,80,11,-3,4,7,7,-1,-3
78,69,82,1,80,9,-2,4,5,5,-1,-4
79,66,83,1,80,6,-3,4,2,2,-1,-5
80,62,84,1,95,2,-4,4,-2,10,-1,-6
81,64,85,1,80,4,2,4,0,0,1,-5
82,66,86,1,80,6,2,4,2,2,1,-4
83,69,87,1,80,9,3,4,5,5,1,-3
84,71,88,1,105,11,2,4,7,7,1,-2
85,74,89,1,80,2,3,4,10,10,1,-1
86,69,90,1,80,9,-5,4,5,5,-1,-2
87,66,91,1,80,6,-3,4,2,2,-1,-3
88,66,92,1,95,6,0,4,2,2,0,-3
89,64,93,1,80,4,-2,4,0,0,-1,-4
90,64,94,2,80,4,0,4,0,0,0,-4
91,64,96,1,105,4,0,4,0,0,0,-4
92,76,97,1,80,4,12,4,12,0,1,-3
93,76,98,1,80,4,0,4,12,0,0,-3
94,78,99,1,80,6,2,4,14,2,1,-2
95,74,100,1,95,2,-4,4,10,10,-1,-3
96,76,101,1,80,4,2,4,12,0,1,-2
97,78,102,1,80,6,2,4,14,2,1,-1
98,74,103,1,80,2,-4,4,10,10,-1,-2
99,71,104,1,105,11,-3,4,7,7,-1,-3
100,69,105,1,80,9,-2,4,5,5,-1,-4
101,71,106,1,80,11,2,4,7,7,1,-3
102,73,107,1,80,1,2,4,9,9,1,-2
103,74,108,1,95,2,1,4,10,10,1,-1
104,76,109,1,80,4,2,4,12,0,1,0
105,78,110,1,80,6,2,4,14,2,1,1
106,76,111,1,80,4,-2,4,12,0,-1,0
107,74,112,1,105,2,-2,4,10,10,-1,-1
108,71,113,1,80,11,-3,4,7,7,-1,-2
109,69,114,1,80,9,-2,4,5,5,-1,-3
110,66,115,1,80,6,-3,4,2,2,-1,-4
111,62,116,1,95,2,-4,4,-2,10,-1,-5
112,64,117,1,80,4,2,4,0,0,1,-4
113,66,118,1,80,6,2,4,2,2,1,-3
114,69,119,1,80,9,3,4,5,5,1,-2
115,71,120,1,105,11,2,4,7,7,1,-1
116,74,121,1,80,2,3,4,10,10,1,0
117,69,122,1,80,9,-5,4,5,5,-1,-1
118,66,123,1,80,6,-3,4,2,2,-1,-2
119,64,124,1,95,4,-2,4,0,0,-1,-3
120,74,125,1,80,2,10,4,10,10,1,-2
121,73,126,1,80,1,-1,4,9,9,-1,-3
122,74,127,1,80,2,1,4,10,10,1,-2
123,64,128,1,105,4,-10,4,0,0,-1,-3
124,76,129,1,80,4,12,4,12,0,1,-2
125,76,130,1,80,4,0,4,12,0,0,-2
126,78,131,1,80,6,2,4,14,2,1,-1
127,74,132,1,95,2,-4,4,10,10,-1,-2
128,76,133,1,80,4,2,4,12,0,1,-1
129,78,134,1,80,6,2,4,14,2,1,0
130,74,135,1,80,2,-4,4,10,10,-1,-1
131,71,136,1,105,11,-3,4,7,7,-1,-2
132,69,137,1,80,9,-2,4,5,5,-1,-3
133,71,138,1,80,11,2,4,7,7,1,-2
134,73,139,1,80,1,2,4,9,9,1,-1
135,74,140,1,95,2,1,4,10,10,1,0
136,76,141,1,80,4,2,4,12,0,1,1
137,78,142,1,80,6,2,4,14,2,1,2
138,76,143,1,80,4,-2,4,12,0,-1,1
139,74,144,1,105,2,-2,4,10,10,-1,0
140,71,145,1,80,11,-3,4,7,7,-1,-1
141,69,146,1,80,9,-2,4,5,5,-1,-2
142,66,147,1,80,6,-3,4,2,2,-1,-3
143,62,148,1,95,2,-4,4,-2,10,-1,-4
144,64,149,1,80,4,2,4,0,0,1,-3
145,66,150,1,80,6,2,4,2,2,1,-2
146,69,151,1,80,9,3,4,5,5,1,-1
147,71,152,1,105,11,2,4,7,7,1,0
148,74,153,1,80,2,3,4,10,10,1,1
149,69,154,1,80,9,-5,4,5,5,-1,0
150,66,155,1,80,6,-3,4,2,2,-1,-1
151,66,156,1,95,6,0,4,2,2,0,-1
152,64,157,1,80,4,-2,4,0,0,-1,-2
153,64,158,2,80,4,0,4,0,0,0,-2
154,64,160,1,105,4,0,4,0,0,0,-2
155,76,161,1,80,4,12,4,12,0,1,-1
156,76,162,1,80,4,0,4,12,0,0,-1
157,78,163,1,80,6,2,4,14,2,1,0
158,74,164,1,95,2,-4,4,10,10,-1,-1
159,76,165,1,80,4,2,4,12,0,1,0
160,78,166,1,80,6,2,4,14,2,1,1
161,74,167,1,80,2,-4,4,10,10,-1,0
162,71,168,1,105,11,-3,4,7,7,-1,-1
163,69,169,1,80,9,-2,4,5,5,-1,-2
164,71,170,1,80,11,2,4,7,7,1,-1
165,73,171,1,80,1,2,4,9,9,1,0
166,74,172,1,95,2,1,4,10,10,1,1
167,76,173,1,80,4,2,4,12,0,1,2
168,78,174,1,80,6,2,4,14,2,1,3
169,76,175,1,80,4,-2,4,12,0,-1,2
170,74,176,1,105,2,-2,4,10,10,-1,1
171,71,177,1,80,11,-3,4,7,7,-1,0
172,69,178,1,80,9,-2,4,5,5,-1,-1
173,66,179,1,80,6,-3,4,2,2,-1,-2
174,62,180,1,95,2,-4,4,-2,10,-1,-3
175,64,181,1,80,4,2,4,0,0,1,-2
176,66,182,1,80,6,2,4,2,2,1,-1
177,69,183,1,80,9,3,4,5,5,1,0
178,71,184,1,105,11,2,4,7,7,1,1
179,74,185,1,80,2,3,4,10,10,1,2
180,69,186,1,80,9,-5,4,5,5,-1,1
181,67,187,1,80,7,-2,4,3,3,-1,0
182,66,188,1,95,6,-1,4,2,2,-1,-1
183,64,189,1,80,4,-2,4,0,0,-1,-2
184,64,190,2,80,4,0,4,0,0,0,-2
