,midi_note,onset,duration,velocity,pitch_class,interval,root,relative_pitch,relative_pitch_class,parsons_code,parsons_cumsum
0,62,0,2,105,2,0,2,0,0,0,0
1,66,2,0,80,6,4,2,4,4,1,1
2,67,2,0,80,7,1,2,5,5,1,2
3,69,3,0,80,9,2,2,7,7,1,3
4,74,4,1,95,2,5,2,12,0,1,4
5,76,5,1,80,4,2,2,14,2,1,5
6,74,6,1,80,2,-2,2,12,0,-1,4
7,73,7,1,80,1,-1,2,11,11,-1,3
8,69,8,0,105,9,-4,2,7,7,-1,2
9,72,8,0,80,0,3,2,10,10,1,3
10,69,9,0,80,9,-3,2,7,7,-1,2
11,67,10,1,80,7,-2,2,5,5,-1,1
12,64,11,1,80,4,-3,2,2,2,-1,0
13,72,12,1,95,0,8,2,10,10,1,1
14,64,13,1,80,4,-8,2,2,2,-1,0
15,67,14,1,80,7,3,2,5,5,1,1
16,64,15,1,80,4,-3,2,2,2,-1,0
17,62,16,2,105,2,-2,2,0,0,-1,-1
18,66,18,0,80,6,4,2,4,4,1,0
19,67,18,0,80,7,1,2,5,5,1,1
20,69,19,0,80,9,2,2,7,7,1,2
21,74,20,1,95,2,5,2,12,0,1,3
22,76,21,1,80,4,2,2,14,2,1,4
23,74,22,1,80,2,-2,2,12,0,-1,3
24,73,23,1,80,1,-1,2,11,11,-1,2
25,69,24,0,105,9,-4,2,7,7,-1,1
26,73,24,0,80,1,4,2,11,11,1,2
27,69,25,0,80,9,-4,2,7,7,-1,1
28,67,26,1,80,7,-2,2,5,5,-1,0
29,66,27,1,80,6,-1,2,4,4,-1,-1
30,64,28,1,95,4,-2,2,2,2,-1,-2
31,66,29,1,80,6,2,2,4,4,1,-1
32,67,30,1,80,7,1,2,5,5,1,0
33,64,31,1,80,4,-3,2,2,2,-1,-1
34,62,32,2,105,2,-2,2,0,0,-1,-2
35,66,34,0,80,6,4,2,4,4,1,-1
36,67,34,0,80,7,1,2,5,5,1,0
37,69,35,0,80,9,2,2,7,7,1,1
38,74,36,1,95,2,5,2,12,0,1,2
39,76,37,1,80,4,2,2,14,2,1,3
40,74,38,1,80,2,-2,2,12,0,-1,2
41,73,39,1,80,1,-1,2,11,11,-1,1
42,69,40,2,105,9,-4,2,7,7,-1,0
43,67,42,1,80,7,-2,2,5,5,-1,-1
44,64,43,1,80,4,-3,2,2,2,-1,-2
45,72,44,1,95,0,8,2,10,10,1,-1
46,64,45,1,80,4,-8,2,2,2,-1,-2
47,67,46,1,80,7,3,2,5,5,1,-1
48,64,47,1,80,4,-3,2,2,2,-1,-2
49,62,48,1,105,2,-2,2,0,0,-1,-3
50,64,49,1,80,4,2,2,2,2,1,-2
51,66,50,1,80,6,2,2,4,4,1,-1
52,69,51,1,80,9,3,2,7,7,1,0
53,74,52,1,95,2,5,2,12,0,1,1
54,76,53,1,80,4,2,2,14,2,1,2
55,74,54,1,80,2,-2,2,12,0,-1,1
56,73,55,1,80,1,-1,2,11,11,-1,0
57,69,56,0,105,9,-4,2,7,7,-1,-1
58,73,56,0,80,1,4,2,11,11,1,0
59,69,57,0,80,9,-4,2,7,7,-1,-1
60,67,58,1,80,7,-2,2,5,5,-1,-2
61,64,59,1,80,4,-3,2,2,2,-1,-3
62,64,60,1,95,4,0,2,2,2,0,-3
63,62,61,1,80,2,-2,2,0,0,-1,-4
64,62,62,2,80,2,0,2,0,0,0,-4
65,62,64,2,105,2,0,2,0,0,0,-4
66,66,66,0,80,6,4,2,4,4,1,-3
67,67,66,0,80,7,1,2,5,5,1,-2
68,69,67,0,80,9,2,2,7,7,1,-1
69,74,68,1,95,2,5,2,12,0,1,0
70,76,69,1,80,4,2,2,14,2,1,1
71,74,70,1,80,2,-2,2,12,0,-1,0
72,73,71,1,80,1,-1,2,11,11,-1,-1
73,69,72,0,105,9,-4,2,7,7,-1,-2
74,72,72,0,80,0,3,2,10,10,1,-1
75,69,73,0,80,9,-3,2,7,7,-1,-2
76,67,74,1,80,7,-2,2,5,5,-1,-3
77,64,75,1,80,4,-3,2,2,2,-1,-4
78,72,76,1,95,0,8,2,10,10,1,-3
79,64,77,1,80,4,-8,2,2,2,-1,-4
80,67,78,1,80,7,3,2,5,5,1,-3
81,64,79,1,80,4,-3,2,2,2,-1,-4
82,62,80,2,105,2,-2,2,0,0,-1,-5
83,66,82,0,80,6,4,2,4,4,1,-4
84,67,82,0,80,7,1,2,5,5,1,-3
85,69,83,0,80,9,2,2,7,7,1,-2
86,74,84,1,95,2,5,2,12,0,1,-1
87,76,85,1,80,4,2,2,14,2,1,0
88,74,86,1,80,2,-2,2,12,0,-1,-1
89,73,87,1,80,1,-1,2,11,11,-1,-2
90,69,88,0,105,9,-4,2,7,7,-1,-3
91,73,88,0,80,1,4,2,11,11,1,-2
92,69,89,0,80,9,-4,2,7,7,-1,-3
93,67,90,1,80,7,-2,2,5,5,-1,-4
94,66,91,1,80,6,-1,2,4,4,-1,-5
95,64,92,1,95,4,-2,2,2,2,-1,-6
96,66,93,1,80,6,2,2,4,4,1,-5
97,67,94,1,80,7,1,2,5,5,1,-4
98,64,95,1,80,4,-3,2,2,2,-1,-5
99,62,96,2,105,2,-2,2,0,0,-1,-6
100,66,98,0,80,6,4,2,4,4,1,-5
101,67,98,0,80,7,1,2,5,5,1,-4
102,69,99,0,80,9,2,2,7,7,1,-3
103,74,100,1,95,2,5,2,12,0,1,-2
104,76,101,1,80,4,2,2,14,2,1,-1
105,74,102,1,80,2,-2,2,12,0,-1,-2
106,73,103,1,80,1,-1,2,11,11,-1,-3
107,69,104,2,105,9,-4,2,7,7,-1,-4
108,67,106,1,80,7,-2,2,5,5,-1,-5
109,64,107,1,80,4,-3,2,2,2,-1,-6
110,72,108,1,95,0,8,2,10,10,1,-5
111,64,109,1,80,4,-8,2,2,2,-1,-6
112,67,110,1,80,7,3,2,5,5,1,-5
113,64,111,1,80,4,-3,2,2,2,-1,-6
114,62,112,1,105,2,-2,2,0,0,-1,-7
115,64,113,1,80,4,2,2,2,2,1,-6
116,66,114,1,80,6,2,2,4,4,1,-5
117,69,115,1,80,9,3,2,7,7,1,-4
118,74,116,1,95,2,5,2,12,0,1,-3
119,76,117,1,80,4,2,2,14,2,1,-2
120,74,118,1,80,2,-2,2,12,0,-1,-3
121,73,119,1,80,1,-1,2,11,11,-1,-4
122,69,120,0,105,9,-4,2,7,7,-1,-5
123,73,120,0,80,1,4,2,11,11,1,-4
124,69,121,0,80,9,-4,2,7,7,-1,-5
125,67,122,1,80,7,-2,2,5,5,-1,-6
126,64,123,1,80,4,-3,2,2,2,-1,-7
127,64,124,1,95,4,0,2,2,2,0,-7
128,62,125,1,80,2,-2,2,0,0,-1,-8
129,62,126,2,80,2,0,2,0,0,0,-8
130,78,128,0,105,6,16,2,16,4,1,-7
131,79,128,0,80,7,1,2,17,5,1,-6
132,78,129,0,80,6,-1,2,16,4,-1,-7
133,78,130,1,80,6,0,2,16,4,0,-7
134,79,131,1,80,7,1,2,17,5,1,-6
135,79,132,1,95,7,0,2,17,5,0,-6
136,76,133,1,80,4,-3,2,14,2,-1,-7
137,74,134,2,80,2,-2,2,12,0,-1,-8
138,76,136,2,105,4,2,2,14,2,1,-7
139,78,138,1,80,6,2,2,16,4,1,-6
140,74,139,1,80,2,-4,2,12,0,-1,-7
141,76,140,1,95,4,2,2,14,2,1,-6
142,74,141,1,80,2,-2,2,12,0,-1,-7
143,73,142,1,80,1,-1,2,11,11,-1,-8
144,71,143,1,80,11,-2,2,9,9,-1,-9
145,69,144,1,105,9,-2,2,7,7,-1,-10
146,71,145,1,80,11,2,2,9,9,1,-9
147,73,146,1,80,1,2,2,11,11,1,-8
148,74,147,1,80,2,1,2,12,0,1,-7
149,76,148,2,95,4,2,2,14,2,1,-6
150,74,150,1,80,2,-2,2,12,0,-1,-7
151,73,151,1,80,1,-1,2,11,11,-1,-8
152,76,152,1,105,4,3,2,14,2,1,-7
153,81,153,1,80,9,5,2,19,7,1,-6
154,81,154,1,80,9,0,2,19,7,0,-6
155,79,155,1,80,7,-2,2,17,5,-1,-7
156,76,156,1,95,4,-3,2,14,2,-1,-8
157,81,157,1,80,9,5,2,19,7,1,-7
158,81,158,1,80,9,0,2,19,7,0,-7
159,79,159,1,80,7,-2,2,17,5,-1,-8
160,78,160,0,105,6,-1,2,16,4,-1,-9
161,79,160,0,80,7,1,2,17,5,1,-8
162,81,161,0,80,9,2,2,19,7,1,-7
163,78,162,0,80,6,-3,2,16,4,-1,-8
164,79,162,0,80,7,1,2,17,5,1,-7
165,81,163,0,80,9,2,2,19,7,1,-6
166,78,164,1,95,6,-3,2,16,4,-1,-7
167,76,165,1,80,4,-2,2,14,2,-1,-8
168,74,166,1,80,2,-2,2,12,0,-1,-9
169,78,167,1,80,6,4,2,16,4,1,-8
170,76,168,1,105,4,-2,2,14,2,-1,-9
171,79,169,1,80,7,3,2,17,5,1,-8
172,78,170,1,80,6,-1,2,16,4,-1,-9
173,74,171,1,80,2,-4,2,12,0,-1,-10
174,76,172,1,95,4,2,2,14,2,1,-9
175,74,173,1,80,2,-2,2,12,0,-1,-10
176,73,174,1,80,1,-1,2,11,11,-1,-11
177,71,175,1,80,11,-2,2,9,9,-1,-12
178,69,176,1,105,9,-2,2,7,7,-1,-13
179,71,177,1,80,11,2,2,9,9,1,-12
180,73,178,1,80,1,2,2,11,11,1,-11
181,74,179,1,80,2,1,2,12,0,1,-10
182,76,180,2,95,4,2,2,14,2,1,-9
183,74,182,1,80,2,-2,2,12,0,-1,-10
184,73,183,1,80,1,-1,2,11,11,-1,-11
185,69,184,0,105,9,-4,2,7,7,-1,-12
186,73,184,0,80,1,4,2,11,11,1,-11
187,69,185,0,80,9,-4,2,7,7,-1,-12
188,67,186,1,80,7,-2,2,5,5,-1,-13
189,64,187,1,80,4,-3,2,2,2,-1,-14
190,64,188,1,95,4,0,2,2,2,0,-14
191,62,189,1,80,2,-2,2,0,0,-1,-15
192,62,190,2,80,2,0,2,0,0,0,-15
193,78,192,0,105,6,16,2,16,4,1,-14
194,79,192,0,80,7,1,2,17,5,1,-13
195,78,193,0,80,6,-1,2,16,4,-1,-14
196,78,194,1,80,6,0,2,16,4,0,-14
197,79,195,1,80,7,1,2,17,5,1,-13
198,79,196,1,95,7,0,2,17,5,0,-13
199,76,197,1,80,4,-3,2,14,2,-1,-14
200,74,198,2,80,2,-2,2,12,0,-1,-15
201,76,200,2,105,4,2,2,14,2,1,-14
202,78,202,1,80,6,2,2,16,4,1,-13
203,74,203,1,80,2,-4,2,12,0,-1,-14
204,76,204,1,95,4,2,2,14,2,1,-13
205,74,205,1,80,2,-2,2,12,0,-1,-14
206,73,206,1,80,1,-1,2,11,11,-1,-15
207,71,207,1,80,11,-2,2,9,9,-1,-16
208,69,208,1,105,9,-2,2,7,7,-1,-17
209,71,209,1,80,11,2,2,9,9,1,-16
210,73,210,1,80,1,2,2,11,11,1,-15
211,74,211,1,80,2,1,2,12,0,1,-14
212,76,212,2,95,4,2,2,14,2,1,-13
213,74,214,1,80,2,-2,2,12,0,-1,-14
214,73,215,1,80,1,-1,2,11,11,-1,-15
215,76,216,1,105,4,3,2,14,2,1,-14
216,81,217,1,80,9,5,2,19,7,1,-13
217,81,218,1,80,9,0,2,19,7,0,-13
218,79,219,1,80,7,-2,2,17,5,-1,-14
219,76,220,1,95,4,-3,2,14,2,-1,-15
220,81,221,1,80,9,5,2,19,7,1,-14
221,81,222,1,80,9,0,2,19,7,0,-14
222,79,223,1,80,7,-2,2,17,5,-1,-15
223,78,224,0,105,6,-1,2,16,4,-1,-16
224,79,224,0,80,7,1,2,17,5,1,-15
225,81,225,0,80,9,2,2,19,7,1,-14
226,78,226,0,80,6,-3,2,16,4,-1,-15
227,79,226,0,80,7,1,2,17,5,1,-14
228,81,227,0,80,9,2,2,19,7,1,-13
229,78,228,1,95,6,-3,2,16,4,-1,-14
230,76,229,1,80,4,-2,2,14,2,-1,-15
231,74,230,1,80,2,-2,2,12,0,-1,-16
232,78,231,1,80,6,4,2,16,4,1,-15
233,76,232,1,105,4,-2,2,14,2,-1,-16
234,79,233,1,80,7,3,2,17,5,1,-15
235,78,234,1,80,6,-1,2,16,4,-1,-16
236,74,235,1,80,2,-4,2,12,0,-1,-17
237,76,236,1,95,4,2,2,14,2,1,-16
238,74,237,1,80,2,-2,2,12,0,-1,-17
239,73,238,1,80,1,-1,2,11,11,-1,-18
240,71,239,1,80,11,-2,2,9,9,-1,-19
241,69,240,1,105,9,-2,2,7,7,-1,-20
242,71,241,1,80,11,2,2,9,9,1,-19
243,73,242,1,80,1,2,2,11,11,1,-18
244,74,243,1,80,2,1,2,12,0,1,-17
245,76,244,2,95,4,2,2,14,2,1,-16
246,74,246,1,80,2,-2,2,12,0,-1,-17
247,73,247,1,80,1,-1,2,11,11,-1,-18
248,69,248,0,105,9,-4,2,7,7,-1,-19
249,73,248,0,80,1,4,2,11,11,1,-18
250,69,249,0,80,9,-4,2,7,7,-1,-19
251,67,250,1,80,7,-2,2,5,5,-1,-20
252,66,251,1,80,6,-1,2,4,4,-1,-21
253,64,252,1,95,4,-2,2,2,2,-1,-22
254,66,253,1,80,6,2,2,4,4,1,-21
255,67,254,1,80,7,1,2,5,5,1,-20
256,64,255,1,80,4,-3,2,2,2,-1,-21
257,62,256,8,105,2,-2,2,0,0,-1,-22
