,midi_note,onset,duration,velocity,pitch_class,interval,root,relative_pitch,relative_pitch_class,parsons_code,parsons_cumsum
0,69,0,2,105,9,0,7,2,2,0,0
1,71,2,2,105,11,2,7,4,4,1,1
2,71,4,1,80,11,0,7,4,4,0,1
3,69,5,0,80,9,-2,7,2,2,-1,0
4,67,6,1,95,7,-2,7,0,0,-1,-1
5,71,7,0,80,11,4,7,4,4,1,0
6,74,8,1,80,2,3,7,7,7,1,1
7,78,9,0,80,6,4,7,11,11,1,2
8,79,10,1,105,7,1,7,12,0,1,3
9,78,11,0,80,6,-1,7,11,11,-1,2
10,74,12,1,80,2,-4,7,7,7,-1,1
11,71,13,0,80,11,-3,7,4,4,-1,0
12,72,14,2,95,0,1,7,5,5,1,1
13,74,16,1,80,2,2,7,7,7,1,2
14,72,17,0,80,0,-2,7,5,5,-1,1
15,71,18,3,105,11,-1,7,4,4,-1,0
16,67,21,1,80,7,-4,7,0,0,-1,-1
17,66,22,1,95,6,-1,7,-1,11,-1,-2
18,67,23,0,80,7,1,7,0,0,1,-1
19,69,24,1,80,9,2,7,2,2,1,0
20,71,25,0,80,11,2,7,4,4,1,1
21,72,26,2,105,0,1,7,5,5,1,2
22,69,28,2,80,9,-3,7,2,2,-1,1
23,69,30,2,95,9,0,7,2,2,0,1
24,74,32,1,80,2,5,7,7,7,1,2
25,72,33,0,80,0,-2,7,5,5,-1,1
26,71,34,1,105,11,-1,7,4,4,-1,0
27,72,35,0,80,0,1,7,5,5,1,1
28,71,36,1,80,11,-1,7,4,4,-1,0
29,69,37,0,80,9,-2,7,2,2,-1,-1
30,67,38,1,95,7,-2,7,0,0,-1,-2
31,71,39,0,80,11,4,7,4,4,1,-1
32,74,40,1,80,2,3,7,7,7,1,0
33,78,41,0,80,6,4,7,11,11,1,1
34,79,42,1,105,7,1,7,12,0,1,2
35,78,43,0,80,6,-1,7,11,11,-1,1
36,74,44,1,80,2,-4,7,7,7,-1,0
37,71,45,0,80,11,-3,7,4,4,-1,-1
38,72,46,2,95,0,1,7,5,5,1,0
39,74,48,1,80,2,2,7,7,7,1,1
40,72,49,0,80,0,-2,7,5,5,-1,0
41,71,50,3,105,11,-1,7,4,4,-1,-1
42,67,53,1,80,7,-4,7,0,0,-1,-2
43,66,54,1,95,6,-1,7,-1,11,-1,-3
44,67,55,0,80,7,1,7,0,0,1,-2
45,69,56,1,80,9,2,7,2,2,1,-1
46,72,57,0,80,0,3,7,5,5,1,0
47,71,58,2,105,11,-1,7,4,4,-1,-1
48,67,60,2,80,7,-4,7,0,0,-1,-2
49,67,62,2,95,7,0,7,0,0,0,-2
50,69,64,2,80,9,2,7,2,2,1,-1
51,71,66,2,105,11,2,7,4,4,1,0
52,71,68,1,80,11,0,7,4,4,0,0
53,69,69,0,80,9,-2,7,2,2,-1,-1
54,67,70,1,95,7,-2,7,0,0,-1,-2
55,71,71,0,80,11,4,7,4,4,1,-1
56,74,72,1,80,2,3,7,7,7,1,0
57,78,73,0,80,6,4,7,11,11,1,1
58,79,74,1,105,7,1,7,12,0,1,2
59,78,75,0,80,6,-1,7,11,11,-1,1
60,74,76,1,80,2,-4,7,7,7,-1,0
61,71,77,0,80,11,-3,7,4,4,-1,-1
62,72,78,2,95,0,1,7,5,5,1,0
63,74,80,1,80,2,2,7,7,7,1,1
64,72,81,0,80,0,-2,7,5,5,-1,0
65,71,82,3,105,11,-1,7,4,4,-1,-1
66,67,85,1,80,7,-4,7,0,0,-1,-2
67,66,86,1,95,6,-1,7,-1,11,-1,-3
68,67,87,0,80,7,1,7,0,0,1,-2
69,69,88,1,80,9,2,7,2,2,1,-1
70,71,89,0,80,11,2,7,4,4,1,0
71,72,90,2,105,0,1,7,5,5,1,1
72,69,92,2,80,9,-3,7,2,2,-1,0
73,69,94,2,95,9,0,7,2,2,0,0
74,74,96,1,80,2,5,7,7,7,1,1
75,72,97,0,80,0,-2,7,5,5,-1,0
76,71,98,1,105,11,-1,7,4,4,-1,-1
77,72,99,0,80,0,1,7,5,5,1,0
78,71,100,1,80,11,-1,7,4,4,-1,-1
79,69,101,0,80,9,-2,7,2,2,-1,-2
80,67,102,1,95,7,-2,7,0,0,-1,-3
81,71,103,0,80,11,4,7,4,4,1,-2
82,74,104,1,80,2,3,7,7,7,1,-1
83,78,105,0,80,6,4,7,11,11,1,0
84,79,106,1,105,7,1,7,12,0,1,1
85,78,107,0,80,6,-1,7,11,11,-1,0
86,74,108,1,80,2,-4,7,7,7,-1,-1
87,71,109,0,80,11,-3,7,4,4,-1,-2
88,72,110,2,95,0,1,7,5,5,1,-1
89,74,112,1,80,2,2,7,7,7,1,0
90,72,113,0,80,0,-2,7,5,5,-1,-1
91,71,114,3,105,11,-1,7,4,4,-1,-2
92,67,117,1,80,7,-4,7,0,0,-1,-3
93,66,118,1,95,6,-1,7,-1,11,-1,-4
94,67,119,0,80,7,1,7,0,0,1,-3
95,69,120,1,80,9,2,7,2,2,1,-2
96,72,121,0,80,0,3,7,5,5,1,-1
97,71,122,2,105,11,-1,7,4,4,-1,-2
98,67,124,2,80,7,-4,7,0,0,-1,-3
99,67,126,2,95,7,0,7,0,0,0,-3
100,69,128,0,80,9,2,7,2,2,1,-2
101,71,128,0,80,11,2,7,4,4,1,-1
102,72,129,0,80,0,1,7,5,5,1,0
103,74,130,1,105,2,2,7,7,7,1,1
104,79,131,0,80,7,5,7,12,0,1,2
105,79,132,1,80,7,0,7,12,0,0,2
106,78,133,0,80,6,-1,7,11,11,-1,1
107,79,134,1,95,7,1,7,12,0,1,2
108,81,135,0,80,9,2,7,14,2,1,3
109,83,136,1,80,11,2,7,16,4,1,4
110,79,137,0,80,7,-4,7,12,0,-1,3
111,81,138,1,105,9,2,7,14,2,1,4
112,78,139,0,80,6,-3,7,11,11,-1,3
113,74,140,1,80,2,-4,7,7,7,-1,2
114,72,141,0,80,0,-2,7,5,5,-1,1
115,74,142,3,95,2,2,7,7,7,1,2
116,76,145,1,80,4,2,7,9,9,1,3
117,78,146,2,105,6,2,7,11,11,1,4
118,78,148,1,80,6,0,7,11,11,0,4
119,76,149,0,80,4,-2,7,9,9,-1,3
120,78,150,1,95,6,2,7,11,11,1,4
121,79,151,0,80,7,1,7,12,0,1,5
122,81,152,1,80,9,2,7,14,2,1,6
123,78,153,0,80,6,-3,7,11,11,-1,5
124,79,154,1,105,7,1,7,12,0,1,6
125,78,155,0,80,6,-1,7,11,11,-1,5
126,74,156,1,80,2,-4,7,7,7,-1,4
127,71,157,0,80,11,-3,7,4,4,-1,3
128,72,158,2,95,0,1,7,5,5,1,4
129,74,160,1,80,2,2,7,7,7,1,5
130,72,161,0,80,0,-2,7,5,5,-1,4
131,71,162,0,105,11,-1,7,4,4,-1,3
132,69,162,0,80,9,-2,7,2,2,-1,2
133,67,163,0,80,7,-2,7,0,0,-1,1
134,71,164,1,80,11,4,7,4,4,1,2
135,74,165,0,80,2,3,7,7,7,1,3
136,79,166,1,95,7,5,7,12,0,1,4
137,81,167,0,80,9,2,7,14,2,1,5
138,83,168,1,80,11,2,7,16,4,1,6
139,79,169,0,80,7,-4,7,12,0,-1,5
140,81,170,1,105,9,2,7,14,2,1,6
141,78,171,0,80,6,-3,7,11,11,-1,5
142,74,172,1,80,2,-4,7,7,7,-1,4
143,71,173,0,80,11,-3,7,4,4,-1,3
144,72,174,2,95,0,1,7,5,5,1,4
145,74,176,1,80,2,2,7,7,7,1,5
146,72,177,0,80,0,-2,7,5,5,-1,4
147,71,178,3,105,11,-1,7,4,4,-1,3
148,67,181,1,80,7,-4,7,0,0,-1,2
149,66,182,1,95,6,-1,7,-1,11,-1,1
150,67,183,0,80,7,1,7,0,0,1,2
151,69,184,1,80,9,2,7,2,2,1,3
152,72,185,0,80,0,3,7,5,5,1,4
153,71,186,2,105,11,-1,7,4,4,-1,3
154,67,188,1,80,7,-4,7,0,0,-1,2
155,67,189,0,80,7,0,7,0,0,0,2
156,67,190,2,95,7,0,7,0,0,0,2
157,69,192,0,80,9,2,7,2,2,1,3
158,71,192,0,80,11,2,7,4,4,1,4
159,72,193,0,80,0,1,7,5,5,1,5
160,74,194,1,105,2,2,7,7,7,1,6
161,79,195,0,80,7,5,7,12,0,1,7
162,79,196,1,80,7,0,7,12,0,0,7
163,78,197,0,80,6,-1,7,11,11,-1,6
164,79,198,1,95,7,1,7,12,0,1,7
165,81,199,0,80,9,2,7,14,2,1,8
166,83,200,1,80,11,2,7,16,4,1,9
167,79,201,0,80,7,-4,7,12,0,-1,8
168,81,202,1,105,9,2,7,14,2,1,9
169,78,203,0,80,6,-3,7,11,11,-1,8
170,74,204,1,80,2,-4,7,7,7,-1,7
171,72,205,0,80,0,-2,7,5,5,-1,6
172,74,206,3,95,2,2,7,7,7,1,7
173,76,209,1,80,4,2,7,9,9,1,8
174,78,210,2,105,6,2,7,11,11,1,9
175,78,212,1,80,6,0,7,11,11,0,9
176,76,213,0,80,4,-2,7,9,9,-1,8
177,78,214,1,95,6,2,7,11,11,1,9
178,79,215,0,80,7,1,7,12,0,1,10
179,81,216,1,80,9,2,7,14,2,1,11
180,78,217,0,80,6,-3,7,11,11,-1,10
181,79,218,1,105,7,1,7,12,0,1,11
182,78,219,0,80,6,-1,7,11,11,-1,10
183,74,220,1,80,2,-4,7,7,7,-1,9
184,71,221,0,80,11,-3,7,4,4,-1,8
185,72,222,2,95,0,1,7,5,5,1,9
186,74,224,1,80,2,2,7,7,7,1,10
187,72,225,0,80,0,-2,7,5,5,-1,9
188,71,226,0,105,11,-1,7,4,4,-1,8
189,69,226,0,80,9,-2,7,2,2,-1,7
190,67,227,0,80,7,-2,7,0,0,-1,6
191,71,228,1,80,11,4,7,4,4,1,7
192,74,229,0,80,2,3,7,7,7,1,8
193,79,230,1,95,7,5,7,12,0,1,9
194,81,231,0,80,9,2,7,14,2,1,10
195,83,232,1,80,11,2,7,16,4,1,11
196,79,233,0,80,7,-4,7,12,0,-1,10
197,81,234,1,105,9,2,7,14,2,1,11
198,78,235,0,80,6,-3,7,11,11,-1,10
199,74,236,1,80,2,-4,7,7,7,-1,9
200,71,237,0,80,11,-3,7,4,4,-1,8
201,72,238,2,95,0,1,7,5,5,1,9
202,74,240,1,80,2,2,7,7,7,1,10
203,72,241,0,80,0,-2,7,5,5,-1,9
204,71,242,3,105,11,-1,7,4,4,-1,8
205,67,245,1,80,7,-4,7,0,0,-1,7
206,66,246,1,95,6,-1,7,-1,11,-1,6
207,67,247,0,80,7,1,7,0,0,1,7
208,69,248,1,80,9,2,7,2,2,1,8
209,72,249,0,80,0,3,7,5,5,1,9
210,71,250,2,105,11,-1,7,4,4,-1,8
211,67,252,1,80,7,-4,7,0,0,-1,7
212,67,253,0,80,7,0,7,0,0,0,7
213,67,254,2,95,7,0,7,0,0,0,7
214,69,256,0,80,9,2,7,2,2,1,8
215,71,256,0,80,11,2,7,4,4,1,9
216,72,257,0,80,0,1,7,5,5,1,10
217,74,258,1,105,2,2,7,7,7,1,11
218,71,259,0,80,11,-3,7,4,4,-1,10
219,67,260,1,80,7,-4,7,0,0,-1,9
220,71,261,0,80,11,4,7,4,4,1,10
221,74,262,1,95,2,3,7,7,7,1,11
222,71,263,0,80,11,-3,7,4,4,-1,10
223,67,264,1,80,7,-4,7,0,0,-1,9
224,71,265,0,80,11,4,7,4,4,1,10
225,74,266,1,105,2,3,7,7,7,1,11
226,72,267,0,80,0,-2,7,5,5,-1,10
227,71,268,1,80,11,-1,7,4,4,-1,9
228,69,269,0,80,9,-2,7,2,2,-1,8
229,67,270,2,95,7,-2,7,0,0,-1,7
230,69,272,1,80,9,2,7,2,2,1,8
231,71,273,0,80,11,2,7,4,4,1,9
232,72,274,1,105,0,1,7,5,5,1,10
233,69,275,0,80,9,-3,7,2,2,-1,9
234,66,276,1,80,6,-3,7,-1,11,-1,8
235,69,277,0,80,9,3,7,2,2,1,9
236,72,278,1,95,0,3,7,5,5,1,10
237,69,279,0,80,9,-3,7,2,2,-1,9
238,66,280,1,80,6,-3,7,-1,11,-1,8
239,69,281,0,80,9,3,7,2,2,1,9
240,72,282,1,105,0,3,7,5,5,1,10
241,71,283,0,80,11,-1,7,4,4,-1,9
242,69,284,1,80,9,-2,7,2,2,-1,8
243,67,285,0,80,7,-2,7,0,0,-1,7
244,66,286,2,95,6,-1,7,-1,11,-1,6
245,71,288,1,80,11,5,7,4,4,1,7
246,69,289,0,80,9,-2,7,2,2,-1,6
247,67,290,1,105,7,-2,7,0,0,-1,5
248,69,291,0,80,9,2,7,2,2,1,6
249,71,292,1,80,11,2,7,4,4,1,7
250,72,293,0,80,0,1,7,5,5,1,8
251,74,294,1,95,2,2,7,7,7,1,9
252,79,295,0,80,7,5,7,12,0,1,10
253,79,296,2,80,7,0,7,12,0,0,10
254,83,298,1,105,11,4,7,16,4,1,11
255,79,299,0,80,7,-4,7,12,0,-1,10
256,74,300,1,80,2,-5,7,7,7,-1,9
257,71,301,0,80,11,-3,7,4,4,-1,8
258,72,302,2,95,0,1,7,5,5,1,9
259,74,304,1,80,2,2,7,7,7,1,10
260,72,305,0,80,0,-2,7,5,5,-1,9
261,71,306,3,105,11,-1,7,4,4,-1,8
262,67,309,1,80,7,-4,7,0,0,-1,7
263,66,310,1,95,6,-1,7,-1,11,-1,6
264,67,311,0,80,7,1,7,0,0,1,7
265,69,312,1,80,9,2,7,2,2,1,8
266,72,313,0,80,0,3,7,5,5,1,9
267,71,314,2,105,11,-1,7,4,4,-1,8
268,67,316,2,80,7,-4,7,0,0,-1,7
269,67,318,2,95,7,0,7,0,0,0,7
270,69,320,0,80,9,2,7,2,2,1,8
271,71,320,0,80,11,2,7,4,4,1,9
272,72,321,0,80,0,1,7,5,5,1,10
273,74,322,1,105,2,2,7,7,7,1,11
274,71,323,0,80,11,-3,7,4,4,-1,10
275,67,324,1,80,7,-4,7,0,0,-1,9
276,71,325,0,80,11,4,7,4,4,1,10
277,74,326,1,95,2,3,7,7,7,1,11
278,71,327,0,80,11,-3,7,4,4,-1,10
279,67,328,1,80,7,-4,7,0,0,-1,9
280,71,329,0,80,11,4,7,4,4,1,10
281,74,330,1,105,2,3,7,7,7,1,11
282,72,331,0,80,0,-2,7,5,5,-1,10
283,71,332,1,80,11,-1,7,4,4,-1,9
284,69,333,0,80,9,-2,7,2,2,-1,8
285,67,334,2,95,7,-2,7,0,0,-1,7
286,69,336,1,80,9,2,7,2,2,1,8
287,71,337,0,80,11,2,7,4,4,1,9
288,72,338,1,105,0,1,7,5,5,1,10
289,69,339,0,80,9,-3,7,2,2,-1,9
290,66,340,1,80,6,-3,7,-1,11,-1,8
291,69,341,0,80,9,3,7,2,2,1,9
292,72,342,1,95,0,3,7,5,5,1,10
293,69,343,0,80,9,-3,7,2,2,-1,9
294,66,344,1,80,6,-3,7,-1,11,-1,8
295,69,345,0,80,9,3,7,2,2,1,9
296,72,346,1,105,0,3,7,5,5,1,10
297,71,347,0,80,11,-1,7,4,4,-1,9
298,69,348,1,80,9,-2,7,2,2,-1,8
299,67,349,0,80,7,-2,7,0,0,-1,7
300,66,350,2,95,6,-1,7,-1,11,-1,6
301,71,352,1,80,11,5,7,4,4,1,7
302,69,353,0,80,9,-2,7,2,2,-1,6
303,67,354,1,105,7,-2,7,0,0,-1,5
304,69,355,0,80,9,2,7,2,2,1,6
305,71,356,1,80,11,2,7,4,4,1,7
306,72,357,0,80,0,1,7,5,5,1,8
307,74,358,1,95,2,2,7,7,7,1,9
308,79,359,0,80,7,5,7,12,0,1,10
309,79,360,2,80,7,0,7,12,0,0,10
310,83,362,1,105,11,4,7,16,4,1,11
311,79,363,0,80,7,-4,7,12,0,-1,10
312,74,364,1,80,2,-5,7,7,7,-1,9
313,71,365,0,80,11,-3,7,4,4,-1,8
314,72,366,2,95,0,1,7,5,5,1,9
315,74,368,1,80,2,2,7,7,7,1,10
316,72,369,0,80,0,-2,7,5,5,-1,9
317,71,370,3,105,11,-1,7,4,4,-1,8
318,67,373,1,80,7,-4,7,0,0,-1,7
319,66,374,1,95,6,-1,7,-1,11,-1,6
320,67,375,0,80,7,1,7,0,0,1,7
321,69,376,1,80,9,2,7,2,2,1,8
322,72,377,0,80,0,3,7,5,5,1,9
323,71,378,2,105,11,-1,7,4,4,-1,8
324,67,380,2,80,7,-4,7,0,0,-1,7
325,67,382,2,95,7,0,7,0,0,0,7
