,midi_note,onset,duration,velocity,pitch_class,interval,root,relative_pitch,relative_pitch_class,parsons_code,parsons_cumsum
0,62,0,2,105,2,0,7,-5,7,0,0
1,67,2,2,105,7,5,7,0,0,1,1
2,62,4,1,80,2,-5,7,-5,7,-1,0
3,67,5,1,80,7,5,7,0,0,1,1
4,71,6,1,80,11,4,7,4,4,1,2
5,69,7,1,80,9,-2,7,2,2,-1,1
6,67,8,1,80,7,-2,7,0,0,-1,0
7,66,9,1,80,6,-1,7,-1,11,-1,-1
8,67,10,1,105,7,1,7,0,0,1,0
9,71,11,1,80,11,4,7,4,4,1,1
10,74,12,1,80,2,3,7,7,7,1,2
11,78,13,1,80,6,4,7,11,11,1,3
12,79,14,3,80,7,1,7,12,0,1,4
13,74,17,1,80,2,-5,7,7,7,-1,3
14,79,18,1,105,7,5,7,12,0,1,4
15,74,19,1,80,2,-5,7,7,7,-1,3
16,71,20,1,80,11,-3,7,4,4,-1,2
17,74,21,1,80,2,3,7,7,7,1,3
18,76,22,1,80,4,2,7,9,9,1,4
19,72,23,1,80,0,-4,7,5,5,-1,3
20,69,24,1,80,9,-3,7,2,2,-1,2
21,67,25,1,80,7,-2,7,0,0,-1,1
22,66,26,1,105,6,-1,7,-1,11,-1,0
23,67,27,1,80,7,1,7,0,0,1,1
24,69,28,1,80,9,2,7,2,2,1,2
25,71,29,1,80,11,2,7,4,4,1,3
26,72,30,1,80,0,1,7,5,5,1,4
27,69,31,1,80,9,-3,7,2,2,-1,3
28,66,32,1,80,6,-3,7,-1,11,-1,2
29,62,33,1,80,2,-4,7,-5,7,-1,1
30,67,34,2,105,7,5,7,0,0,1,2
31,69,36,1,80,9,2,7,2,2,1,3
32,72,37,1,80,0,3,7,5,5,1,4
33,71,38,1,80,11,-1,7,4,4,-1,3
34,69,39,1,80,9,-2,7,2,2,-1,2
35,67,40,1,80,7,-2,7,0,0,-1,1
36,66,41,1,80,6,-1,7,-1,11,-1,0
37,67,42,1,105,7,1,7,0,0,1,1
38,71,43,1,80,11,4,7,4,4,1,2
39,74,44,1,80,2,3,7,7,7,1,3
40,78,45,1,80,6,4,7,11,11,1,4
41,79,46,3,80,7,1,7,12,0,1,5
42,74,49,1,80,2,-5,7,7,7,-1,4
43,79,50,1,105,7,5,7,12,0,1,5
44,74,51,1,80,2,-5,7,7,7,-1,4
45,71,52,1,80,11,-3,7,4,4,-1,3
46,74,53,1,80,2,3,7,7,7,1,4
47,76,54,1,80,4,2,7,9,9,1,5
48,72,55,1,80,0,-4,7,5,5,-1,4
49,69,56,1,80,9,-3,7,2,2,-1,3
50,66,57,1,80,6,-3,7,-1,11,-1,2
51,67,58,2,105,7,1,7,0,0,1,3
52,67,60,1,80,7,0,7,0,0,0,3
53,66,61,1,80,6,-1,7,-1,11,-1,2
54,67,62,2,80,7,1,7,0,0,1,3
55,62,64,2,80,2,-5,7,-5,7,-1,2
56,67,66,2,105,7,5,7,0,0,1,3
57,62,68,1,80,2,-5,7,-5,7,-1,2
58,67,69,1,80,7,5,7,0,0,1,3
59,71,70,1,80,11,4,7,4,4,1,4
60,69,71,1,80,9,-2,7,2,2,-1,3
61,67,72,1,80,7,-2,7,0,0,-1,2
62,66,73,1,80,6,-1,7,-1,11,-1,1
63,67,74,1,105,7,1,7,0,0,1,2
64,71,75,1,80,11,4,7,4,4,1,3
65,74,76,1,80,2,3,7,7,7,1,4
66,78,77,1,80,6,4,7,11,11,1,5
67,79,78,3,80,7,1,7,12,0,1,6
68,74,81,1,80,2,-5,7,7,7,-1,5
69,79,82,1,105,7,5,7,12,0,1,6
70,74,83,1,80,2,-5,7,7,7,-1,5
71,71,84,1,80,11,-3,7,4,4,-1,4
72,74,85,1,80,2,3,7,7,7,1,5
73,76,86,1,80,4,2,7,9,9,1,6
74,72,87,1,80,0,-4,7,5,5,-1,5
75,69,88,1,80,9,-3,7,2,2,-1,4
76,67,89,1,80,7,-2,7,0,0,-1,3
77,66,90,1,105,6,-1,7,-1,11,-1,2
78,67,91,1,80,7,1,7,0,0,1,3
79,69,92,1,80,9,2,7,2,2,1,4
80,71,93,1,80,11,2,7,4,4,1,5
81,72,94,1,80,0,1,7,5,5,1,6
82,69,95,1,80,9,-3,7,2,2,-1,5
83,66,96,1,80,6,-3,7,-1,11,-1,4
84,62,97,1,80,2,-4,7,-5,7,-1,3
85,67,98,2,105,7,5,7,0,0,1,4
86,69,100,1,80,9,2,7,2,2,1,5
87,72,101,1,80,0,3,7,5,5,1,6
88,71,102,1,80,11,-1,7,4,4,-1,5
89,69,103,1,80,9,-2,7,2,2,-1,4
90,67,104,1,80,7,-2,7,0,0,-1,3
91,66,105,1,80,6,-1,7,-1,11,-1,2
92,67,106,1,105,7,1,7,0,0,1,3
93,71,107,1,80,11,4,7,4,4,1,4
94,74,108,1,80,2,3,7,7,7,1,5
95,78,109,1,80,6,4,7,11,11,1,6
96,79,110,3,80,7,1,7,12,0,1,7
97,74,113,1,80,2,-5,7,7,7,-1,6
98,79,114,1,105,7,5,7,12,0,1,7
99,74,115,1,80,2,-5,7,7,7,-1,6
100,71,116,1,80,11,-3,7,4,4,-1,5
101,74,117,1,80,2,3,7,7,7,1,6
102,76,118,1,80,4,2,7,9,9,1,7
103,72,119,1,80,0,-4,7,5,5,-1,6
104,69,120,1,80,9,-3,7,2,2,-1,5
105,66,121,1,80,6,-3,7,-1,11,-1,4
106,67,122,2,105,7,1,7,0,0,1,5
107,67,124,1,80,7,0,7,0,0,0,5
108,66,125,1,80,6,-1,7,-1,11,-1,4
109,67,126,2,80,7,1,7,0,0,1,5
110,66,128,1,80,6,-1,7,-1,11,-1,4
111,67,129,1,80,7,1,7,0,0,1,5
112,69,130,1,105,9,2,7,2,2,1,6
113,71,131,1,80,11,2,7,4,4,1,7
114,69,132,1,80,9,-2,7,2,2,-1,6
115,67,133,1,80,7,-2,7,0,0,-1,5
116,66,134,1,80,6,-1,7,-1,11,-1,4
117,69,135,1,80,9,3,7,2,2,1,5
118,74,136,1,80,2,5,7,7,7,1,6
119,76,137,1,80,4,2,7,9,9,1,7
120,78,138,1,105,6,2,7,11,11,1,8
121,76,139,1,80,4,-2,7,9,9,-1,7
122,74,140,1,80,2,-2,7,7,7,-1,6
123,73,141,1,80,1,-1,7,6,6,-1,5
124,74,142,2,80,2,1,7,7,7,1,6
125,73,144,1,80,1,-1,7,6,6,-1,5
126,74,145,1,80,2,1,7,7,7,1,6
127,76,146,1,105,4,2,7,9,9,1,7
128,69,147,1,80,9,-7,7,2,2,-1,6
129,71,148,0,80,11,2,7,4,4,1,7
130,69,148,1,80,9,-2,7,2,2,-1,6
131,79,150,1,80,7,10,7,12,0,1,7
132,78,151,1,80,6,-1,7,11,11,-1,6
133,76,152,1,80,4,-2,7,9,9,-1,5
134,74,153,1,80,2,-2,7,7,7,-1,4
135,76,154,1,105,4,2,7,9,9,1,5
136,69,155,1,80,9,-7,7,2,2,-1,4
137,71,156,0,80,11,2,7,4,4,1,5
138,69,156,1,80,9,-2,7,2,2,-1,4
139,79,158,1,80,7,10,7,12,0,1,5
140,78,159,1,80,6,-1,7,11,11,-1,4
141,76,160,1,80,4,-2,7,9,9,-1,3
142,73,161,1,80,1,-3,7,6,6,-1,2
143,69,162,1,105,9,-4,7,2,2,-1,1
144,71,163,1,80,11,2,7,4,4,1,2
145,69,164,1,80,9,-2,7,2,2,-1,1
146,67,165,1,80,7,-2,7,0,0,-1,0
147,66,166,1,80,6,-1,7,-1,11,-1,-1
148,69,167,1,80,9,3,7,2,2,1,0
149,74,168,1,80,2,5,7,7,7,1,1
150,76,169,1,80,4,2,7,9,9,1,2
151,78,170,1,105,6,2,7,11,11,1,3
152,76,171,1,80,4,-2,7,9,9,-1,2
153,74,172,1,80,2,-2,7,7,7,-1,1
154,73,173,1,80,1,-1,7,6,6,-1,0
155,74,174,1,80,2,1,7,7,7,1,1
156,76,175,1,80,4,2,7,9,9,1,2
157,78,176,1,80,6,2,7,11,11,1,3
158,79,177,1,80,7,1,7,12,0,1,4
159,81,178,0,105,9,2,7,14,2,1,5
160,79,178,0,80,7,-2,7,12,0,-1,4
161,78,179,0,80,6,-1,7,11,11,-1,3
162,79,180,1,80,7,1,7,12,0,1,4
163,76,181,1,80,4,-3,7,9,9,-1,3
164,78,182,1,80,6,2,7,11,11,1,4
165,74,183,1,80,2,-4,7,7,7,-1,3
166,76,184,1,80,4,2,7,9,9,1,4
167,73,185,1,80,1,-3,7,6,6,-1,3
168,74,186,2,105,2,1,7,7,7,1,4
169,78,188,1,80,6,4,7,11,11,1,5
170,76,189,1,80,4,-2,7,9,9,-1,4
171,74,190,1,80,2,-2,7,7,7,-1,3
172,73,191,1,80,1,-1,7,6,6,-1,2
173,71,192,1,80,11,-2,7,4,4,-1,1
174,69,193,1,80,9,-2,7,2,2,-1,0
175,69,194,1,105,9,0,7,2,2,0,0
176,71,195,1,80,11,2,7,4,4,1,1
177,69,196,1,80,9,-2,7,2,2,-1,0
178,67,197,1,80,7,-2,7,0,0,-1,-1
179,66,198,1,80,6,-1,7,-1,11,-1,-2
180,69,199,1,80,9,3,7,2,2,1,-1
181,74,200,1,80,2,5,7,7,7,1,0
182,76,201,1,80,4,2,7,9,9,1,1
183,78,202,1,105,6,2,7,11,11,1,2
184,76,203,1,80,4,-2,7,9,9,-1,1
185,74,204,1,80,2,-2,7,7,7,-1,0
186,73,205,1,80,1,-1,7,6,6,-1,-1
187,74,206,2,80,2,1,7,7,7,1,0
188,73,208,1,80,1,-1,7,6,6,-1,-1
189,74,209,1,80,2,1,7,7,7,1,0
190,76,210,1,105,4,2,7,9,9,1,1
191,69,211,1,80,9,-7,7,2,2,-1,0
192,71,212,0,80,11,2,7,4,4,1,1
193,69,212,1,80,9,-2,7,2,2,-1,0
194,79,214,1,80,7,10,7,12,0,1,1
195,78,215,1,80,6,-1,7,11,11,-1,0
196,76,216,1,80,4,-2,7,9,9,-1,-1
197,74,217,1,80,2,-2,7,7,7,-1,-2
198,76,218,1,105,4,2,7,9,9,1,-1
199,69,219,1,80,9,-7,7,2,2,-1,-2
200,71,220,0,80,11,2,7,4,4,1,-1
201,69,220,1,80,9,-2,7,2,2,-1,-2
202,79,222,1,80,7,10,7,12,0,1,-1
203,78,223,1,80,6,-1,7,11,11,-1,-2
204,76,224,1,80,4,-2,7,9,9,-1,-3
205,73,225,1,80,1,-3,7,6,6,-1,-4
206,69,226,1,105,9,-4,7,2,2,-1,-5
207,71,227,1,80,11,2,7,4,4,1,-4
208,69,228,1,80,9,-2,7,2,2,-1,-5
209,67,229,1,80,7,-2,7,0,0,-1,-6
210,66,230,1,80,6,-1,7,-1,11,-1,-7
211,69,231,1,80,9,3,7,2,2,1,-6
212,74,232,1,80,2,5,7,7,7,1,-5
213,76,233,1,80,4,2,7,9,9,1,-4
214,78,234,1,105,6,2,7,11,11,1,-3
215,76,235,1,80,4,-2,7,9,9,-1,-4
216,74,236,1,80,2,-2,7,7,7,-1,-5
217,73,237,1,80,1,-1,7,6,6,-1,-6
218,74,238,1,80,2,1,7,7,7,1,-5
219,76,239,1,80,4,2,7,9,9,1,-4
220,78,240,1,80,6,2,7,11,11,1,-3
221,79,241,1,80,7,1,7,12,0,1,-2
222,81,242,0,105,9,2,7,14,2,1,-1
223,79,242,0,80,7,-2,7,12,0,-1,-2
224,78,243,0,80,6,-1,7,11,11,-1,-3
225,79,244,1,80,7,1,7,12,0,1,-2
226,76,245,1,80,4,-3,7,9,9,-1,-3
227,78,246,1,80,6,2,7,11,11,1,-2
228,74,247,1,80,2,-4,7,7,7,-1,-3
229,76,248,1,80,4,2,7,9,9,1,-2
230,73,249,1,80,1,-3,7,6,6,-1,-3
231,74,250,2,105,2,1,7,7,7,1,-2
232,78,252,1,80,6,4,7,11,11,1,-1
233,76,253,1,80,4,-2,7,9,9,-1,-2
234,74,254,1,80,2,-2,7,7,7,-1,-3
235,73,255,1,80,1,-1,7,6,6,-1,-4
236,71,256,1,80,11,-2,7,4,4,-1,-5
237,69,257,1,80,9,-2,7,2,2,-1,-6
238,67,258,2,105,7,-2,7,0,0,-1,-7
239,62,260,1,80,2,-5,7,-5,7,-1,-8
240,67,261,1,80,7,5,7,0,0,1,-7
241,71,262,1,80,11,4,7,4,4,1,-6
242,69,263,1,80,9,-2,7,2,2,-1,-7
243,67,264,1,80,7,-2,7,0,0,-1,-8
244,66,265,1,80,6,-1,7,-1,11,-1,-9
245,67,266,1,105,7,1,7,0,0,1,-8
246,71,267,1,80,11,4,7,4,4,1,-7
247,74,268,1,80,2,3,7,7,7,1,-6
248,78,269,1,80,6,4,7,11,11,1,-5
249,79,270,3,80,7,1,7,12,0,1,-4
250,74,273,1,80,2,-5,7,7,7,-1,-5
251,79,274,1,105,7,5,7,12,0,1,-4
252,74,275,1,80,2,-5,7,7,7,-1,-5
253,71,276,1,80,11,-3,7,4,4,-1,-6
254,74,277,1,80,2,3,7,7,7,1,-5
255,76,278,1,80,4,2,7,9,9,1,-4
256,72,279,1,80,0,-4,7,5,5,-1,-5
257,69,280,1,80,9,-3,7,2,2,-1,-6
258,67,281,1,80,7,-2,7,0,0,-1,-7
259,66,282,1,105,6,-1,7,-1,11,-1,-8
260,67,283,1,80,7,1,7,0,0,1,-7
261,69,284,1,80,9,2,7,2,2,1,-6
262,71,285,1,80,11,2,7,4,4,1,-5
263,72,286,1,80,0,1,7,5,5,1,-4
264,69,287,1,80,9,-3,7,2,2,-1,-5
265,66,288,1,80,6,-3,7,-1,11,-1,-6
266,62,289,1,80,2,-4,7,-5,7,-1,-7
267,67,290,2,105,7,5,7,0,0,1,-6
268,69,292,1,80,9,2,7,2,2,1,-5
269,72,293,1,80,0,3,7,5,5,1,-4
270,71,294,1,80,11,-1,7,4,4,-1,-5
271,69,295,1,80,9,-2,7,2,2,-1,-6
272,67,296,1,80,7,-2,7,0,0,-1,-7
273,66,297,1,80,6,-1,7,-1,11,-1,-8
274,67,298,1,105,7,1,7,0,0,1,-7
275,71,299,1,80,11,4,7,4,4,1,-6
276,74,300,1,80,2,3,7,7,7,1,-5
277,78,301,1,80,6,4,7,11,11,1,-4
278,79,302,1,80,7,1,7,12,0,1,-3
279,81,303,0,80,9,2,7,14,2,1,-2
280,79,303,0,80,7,-2,7,12,0,-1,-3
281,78,304,0,80,6,-1,7,11,11,-1,-4
282,79,304,0,80,7,1,7,12,0,1,-3
283,74,305,1,80,2,-5,7,7,7,-1,-4
284,79,306,1,105,7,5,7,12,0,1,-3
285,74,307,1,80,2,-5,7,7,7,-1,-4
286,71,308,1,80,11,-3,7,4,4,-1,-5
287,74,309,1,80,2,3,7,7,7,1,-4
288,76,310,1,80,4,2,7,9,9,1,-3
289,72,311,1,80,0,-4,7,5,5,-1,-4
290,69,312,1,80,9,-3,7,2,2,-1,-5
291,66,313,1,80,6,-3,7,-1,11,-1,-6
292,67,314,2,105,7,1,7,0,0,1,-5
293,67,316,1,80,7,0,7,0,0,0,-5
294,66,317,1,80,6,-1,7,-1,11,-1,-6
295,67,318,12,80,7,1,7,0,0,1,-5
