,midi_note,onset,duration,velocity,pitch_class,interval,root,relative_pitch,relative_pitch_class,parsons_code,parsons_cumsum
0,74,0,1,105,2,0,2,12,0,0,0
1,72,1,1,105,0,-2,2,10,10,-1,-1
2,69,2,1,80,9,-3,2,7,7,-1,-2
3,67,3,1,80,7,-2,2,5,5,-1,-3
4,69,4,2,95,9,2,2,7,7,1,-2
5,62,6,1,80,2,-7,2,0,0,-1,-3
6,62,7,1,105,2,0,2,0,0,0,-3
7,64,8,1,80,4,2,2,2,2,1,-2
8,62,9,1,80,2,-2,2,0,0,-1,-3
9,69,10,2,95,9,7,2,7,7,1,-2
10,74,12,1,80,2,5,2,12,0,1,-1
11,72,13,1,105,0,-2,2,10,10,-1,-2
12,69,14,1,80,9,-3,2,7,7,-1,-3
13,67,15,1,80,7,-2,2,5,5,-1,-4
14,69,16,2,95,9,2,2,7,7,1,-3
15,62,18,1,80,2,-7,2,0,0,-1,-4
16,62,19,1,105,2,0,2,0,0,0,-4
17,64,20,1,80,4,2,2,2,2,1,-3
18,62,21,1,80,2,-2,2,0,0,-1,-4
19,67,22,1,95,7,5,2,5,5,1,-3
20,64,23,1,80,4,-3,2,2,2,-1,-4
21,62,24,1,80,2,-2,2,0,0,-1,-5
22,72,25,1,105,0,10,2,10,10,1,-4
23,69,26,1,80,9,-3,2,7,7,-1,-5
24,69,27,1,80,9,0,2,7,7,0,-5
25,69,28,2,95,9,0,2,7,7,0,-5
26,62,30,1,80,2,-7,2,0,0,-1,-6
27,62,31,1,105,2,0,2,0,0,0,-6
28,66,32,1,80,6,4,2,4,4,1,-5
29,62,33,1,80,2,-4,2,0,0,-1,-6
30,69,34,1,95,9,7,2,7,7,1,-5
31,67,35,1,80,7,-2,2,5,5,-1,-6
32,64,36,1,80,4,-3,2,2,2,-1,-7
33,66,37,1,105,6,2,2,4,4,1,-6
34,62,38,1,80,2,-4,2,0,0,-1,-7
35,66,39,1,80,6,4,2,4,4,1,-6
36,64,40,1,95,4,-2,2,2,2,-1,-7
37,60,41,1,80,0,-4,2,-2,10,-1,-8
38,64,42,1,80,4,4,2,2,2,1,-7
39,62,43,1,105,2,-2,2,0,0,-1,-8
40,64,44,1,80,4,2,2,2,2,1,-7
41,62,45,1,80,2,-2,2,0,0,-1,-8
42,67,46,1,95,7,5,2,5,5,1,-7
43,64,47,1,80,4,-3,2,2,2,-1,-8
44,62,48,1,80,2,-2,2,0,0,-1,-9
45,72,49,1,105,0,10,2,10,10,1,-8
46,69,50,1,80,9,-3,2,7,7,-1,-9
47,67,51,1,80,7,-2,2,5,5,-1,-10
48,69,52,2,95,9,2,2,7,7,1,-9
49,62,54,1,80,2,-7,2,0,0,-1,-10
50,62,55,1,105,2,0,2,0,0,0,-10
51,64,56,1,80,4,2,2,2,2,1,-9
52,62,57,1,80,2,-2,2,0,0,-1,-10
53,69,58,2,95,9,7,2,7,7,1,-9
54,74,60,1,80,2,5,2,12,0,1,-8
55,72,61,1,105,0,-2,2,10,10,-1,-9
56,69,62,1,80,9,-3,2,7,7,-1,-10
57,67,63,1,80,7,-2,2,5,5,-1,-11
58,69,64,2,95,9,2,2,7,7,1,-10
59,62,66,1,80,2,-7,2,0,0,-1,-11
60,62,67,1,105,2,0,2,0,0,0,-11
61,64,68,1,80,4,2,2,2,2,1,-10
62,62,69,1,80,2,-2,2,0,0,-1,-11
63,67,70,1,95,7,5,2,5,5,1,-10
64,64,71,1,80,4,-3,2,2,2,-1,-11
65,62,72,1,80,2,-2,2,0,0,-1,-12
66,72,73,1,105,0,10,2,10,10,1,-11
67,69,74,1,80,9,-3,2,7,7,-1,-12
68,69,75,1,80,9,0,2,7,7,0,-12
69,69,76,2,95,9,0,2,7,7,0,-12
70,62,78,1,80,2,-7,2,0,0,-1,-13
71,62,79,1,105,2,0,2,0,0,0,-13
72,66,80,1,80,6,4,2,4,4,1,-12
73,62,81,1,80,2,-4,2,0,0,-1,-13
74,69,82,1,95,9,7,2,7,7,1,-12
75,67,83,1,80,7,-2,2,5,5,-1,-13
76,64,84,1,80,4,-3,2,2,2,-1,-14
77,66,85,1,105,6,2,2,4,4,1,-13
78,62,86,1,80,2,-4,2,0,0,-1,-14
79,66,87,1,80,6,4,2,4,4,1,-13
80,64,88,1,95,4,-2,2,2,2,-1,-14
81,60,89,1,80,0,-4,2,-2,10,-1,-15
82,64,90,1,80,4,4,2,2,2,1,-14
83,62,91,1,105,2,-2,2,0,0,-1,-15
84,64,92,1,80,4,2,2,2,2,1,-14
85,62,93,1,80,2,-2,2,0,0,-1,-15
86,67,94,1,95,7,5,2,5,5,1,-14
87,64,95,1,80,4,-3,2,2,2,-1,-15
88,62,96,1,80,2,-2,2,0,0,-1,-16
89,74,97,2,105,2,12,2,12,0,1,-15
90,76,99,1,80,4,2,2,14,2,1,-14
91,78,100,1,95,6,2,2,16,4,1,-13
92,74,101,1,80,2,-4,2,12,0,-1,-14
93,79,102,1,80,7,5,2,17,5,1,-13
94,76,103,1,105,4,-3,2,14,2,-1,-14
95,72,104,1,80,0,-4,2,10,10,-1,-15
96,69,105,1,80,9,-3,2,7,7,-1,-16
97,69,106,1,95,9,0,2,7,7,0,-16
98,66,107,1,80,6,-3,2,4,4,-1,-17
99,69,108,1,80,9,3,2,7,7,1,-16
100,74,109,1,105,2,5,2,12,0,1,-15
101,73,110,1,80,1,-1,2,11,11,-1,-16
102,74,111,1,80,2,1,2,12,0,1,-15
103,76,112,1,95,4,2,2,14,2,1,-14
104,78,113,1,80,6,2,2,16,4,1,-13
105,79,114,1,80,7,1,2,17,5,1,-12
106,78,115,1,105,6,-1,2,16,4,-1,-13
107,81,116,1,80,9,3,2,19,7,1,-12
108,78,117,1,80,6,-3,2,16,4,-1,-13
109,79,118,1,95,7,1,2,17,5,1,-12
110,78,119,1,80,6,-1,2,16,4,-1,-13
111,76,120,1,80,4,-2,2,14,2,-1,-14
112,74,121,2,105,2,-2,2,12,0,-1,-15
113,76,123,1,80,4,2,2,14,2,1,-14
114,78,124,1,95,6,2,2,16,4,1,-13
115,74,125,1,80,2,-4,2,12,0,-1,-14
116,79,126,1,80,7,5,2,17,5,1,-13
117,76,127,1,105,4,-3,2,14,2,-1,-14
118,72,128,1,80,0,-4,2,10,10,-1,-15
119,69,129,1,80,9,-3,2,7,7,-1,-16
120,69,130,1,95,9,0,2,7,7,0,-16
121,67,131,1,80,7,-2,2,5,5,-1,-17
122,64,132,1,80,4,-3,2,2,2,-1,-18
123,66,133,1,105,6,2,2,4,4,1,-17
124,62,134,1,80,2,-4,2,0,0,-1,-18
125,66,135,1,80,6,4,2,4,4,1,-17
126,64,136,1,95,4,-2,2,2,2,-1,-18
127,60,137,1,80,0,-4,2,-2,10,-1,-19
128,64,138,1,80,4,4,2,2,2,1,-18
129,62,139,1,105,2,-2,2,0,0,-1,-19
130,64,140,1,80,4,2,2,2,2,1,-18
131,62,141,1,80,2,-2,2,0,0,-1,-19
132,67,142,1,95,7,5,2,5,5,1,-18
133,64,143,1,80,4,-3,2,2,2,-1,-19
134,62,144,1,80,2,-2,2,0,0,-1,-20
135,74,145,2,105,2,12,2,12,0,1,-19
136,76,147,1,80,4,2,2,14,2,1,-18
137,78,148,1,95,6,2,2,16,4,1,-17
138,74,149,1,80,2,-4,2,12,0,-1,-18
139,79,150,1,80,7,5,2,17,5,1,-17
140,76,151,1,105,4,-3,2,14,2,-1,-18
141,72,152,1,80,0,-4,2,10,10,-1,-19
142,69,153,1,80,9,-3,2,7,7,-1,-20
143,69,154,1,95,9,0,2,7,7,0,-20
144,66,155,1,80,6,-3,2,4,4,-1,-21
145,69,156,1,80,9,3,2,7,7,1,-20
146,74,157,1,105,2,5,2,12,0,1,-19
147,73,158,1,80,1,-1,2,11,11,-1,-20
148,74,159,1,80,2,1,2,12,0,1,-19
149,76,160,1,95,4,2,2,14,2,1,-18
150,78,161,1,80,6,2,2,16,4,1,-17
151,79,162,1,80,7,1,2,17,5,1,-16
152,81,163,1,105,9,2,2,19,7,1,-15
153,83,164,1,80,11,2,2,21,9,1,-14
154,81,165,1,80,9,-2,2,19,7,-1,-15
155,79,166,1,95,7,-2,2,17,5,-1,-16
156,76,167,1,80,4,-3,2,14,2,-1,-17
157,72,168,1,80,0,-4,2,10,10,-1,-18
158,74,169,2,105,2,2,2,12,0,1,-17
159,76,171,1,80,4,2,2,14,2,1,-16
160,78,172,1,95,6,2,2,16,4,1,-15
161,79,173,1,80,7,1,2,17,5,1,-14
162,81,174,1,80,9,2,2,19,7,1,-13
163,76,175,1,105,4,-5,2,14,2,-1,-14
164,72,176,1,80,0,-4,2,10,10,-1,-15
165,69,177,1,80,9,-3,2,7,7,-1,-16
166,69,178,1,95,9,0,2,7,7,0,-16
167,67,179,1,80,7,-2,2,5,5,-1,-17
168,64,180,1,80,4,-3,2,2,2,-1,-18
169,66,181,1,105,6,2,2,4,4,1,-17
170,62,182,1,80,2,-4,2,0,0,-1,-18
171,66,183,1,80,6,4,2,4,4,1,-17
172,64,184,1,95,4,-2,2,2,2,-1,-18
173,60,185,1,80,0,-4,2,-2,10,-1,-19
174,64,186,1,80,4,4,2,2,2,1,-18
175,62,187,1,105,2,-2,2,0,0,-1,-19
176,64,188,1,80,4,2,2,2,2,1,-18
177,62,189,1,80,2,-2,2,0,0,-1,-19
178,67,190,1,95,7,5,2,5,5,1,-18
179,64,191,1,80,4,-3,2,2,2,-1,-19
180,62,192,1,80,2,-2,2,0,0,-1,-20
181,71,193,2,105,11,9,2,9,9,1,-19
182,67,195,1,80,7,-4,2,5,5,-1,-20
183,69,196,2,95,9,2,2,7,7,1,-19
184,67,198,1,80,7,-2,2,5,5,-1,-20
185,71,199,1,105,11,4,2,9,9,1,-19
186,67,200,1,80,7,-4,2,5,5,-1,-20
187,64,201,1,80,4,-3,2,2,2,-1,-21
188,64,202,1,95,4,0,2,2,2,0,-21
189,74,203,1,80,2,10,2,12,0,1,-20
190,72,204,1,80,0,-2,2,10,10,-1,-21
191,71,205,2,105,11,-1,2,9,9,-1,-22
192,67,207,1,80,7,-4,2,5,5,-1,-23
193,69,208,2,95,9,2,2,7,7,1,-22
194,64,210,1,80,4,-5,2,2,2,-1,-23
195,67,211,1,105,7,3,2,5,5,1,-22
196,64,212,1,80,4,-3,2,2,2,-1,-23
197,62,213,1,80,2,-2,2,0,0,-1,-24
198,62,214,1,95,2,0,2,0,0,0,-24
199,74,215,1,80,2,12,2,12,0,1,-23
200,72,216,1,80,0,-2,2,10,10,-1,-24
201,71,217,2,105,11,-1,2,9,9,-1,-25
202,67,219,1,80,7,-4,2,5,5,-1,-26
203,69,220,2,95,9,2,2,7,7,1,-25
204,67,222,1,80,7,-2,2,5,5,-1,-26
205,71,223,1,105,11,4,2,9,9,1,-25
206,67,224,1,80,7,-4,2,5,5,-1,-26
207,64,225,1,80,4,-3,2,2,2,-1,-27
208,64,226,2,95,4,0,2,2,2,0,-27
209,73,228,1,80,1,9,2,11,11,1,-26
210,74,229,1,105,2,1,2,12,0,1,-25
211,73,230,1,80,1,-1,2,11,11,-1,-26
212,74,231,1,80,2,1,2,12,0,1,-25
213,69,232,2,95,9,-5,2,7,7,-1,-26
214,67,234,1,80,7,-2,2,5,5,-1,-27
215,66,235,1,105,6,-1,2,4,4,-1,-28
216,62,236,1,80,2,-4,2,0,0,-1,-29
217,62,237,1,80,2,0,2,0,0,0,-29
218,62,238,1,95,2,0,2,0,0,0,-29
219,74,239,1,80,2,12,2,12,0,1,-28
220,72,240,1,80,0,-2,2,10,10,-1,-29
221,71,241,2,105,11,-1,2,9,9,-1,-30
222,67,243,1,80,7,-4,2,5,5,-1,-31
223,69,244,2,95,9,2,2,7,7,1,-30
224,67,246,1,80,7,-2,2,5,5,-1,-31
225,71,247,1,105,11,4,2,9,9,1,-30
226,67,248,1,80,7,-4,2,5,5,-1,-31
227,64,249,1,80,4,-3,2,2,2,-1,-32
228,64,250,1,95,4,0,2,2,2,0,-32
229,74,251,1,80,2,10,2,12,0,1,-31
230,72,252,1,80,0,-2,2,10,10,-1,-32
231,71,253,2,105,11,-1,2,9,9,-1,-33
232,67,255,1,80,7,-4,2,5,5,-1,-34
233,69,256,2,95,9,2,2,7,7,1,-33
234,64,258,1,80,4,-5,2,2,2,-1,-34
235,67,259,1,105,7,3,2,5,5,1,-33
236,64,260,1,80,4,-3,2,2,2,-1,-34
237,62,261,1,80,2,-2,2,0,0,-1,-35
238,62,262,1,95,2,0,2,0,0,0,-35
239,74,263,1,80,2,12,2,12,0,1,-34
240,72,264,1,80,0,-2,2,10,10,-1,-35
241,71,265,2,105,11,-1,2,9,9,-1,-36
242,67,267,1,80,7,-4,2,5,5,-1,-37
243,69,268,2,95,9,2,2,7,7,1,-36
244,67,270,1,80,7,-2,2,5,5,-1,-37
245,71,271,1,105,11,4,2,9,9,1,-36
246,67,272,1,80,7,-4,2,5,5,-1,-37
247,64,273,1,80,4,-3,2,2,2,-1,-38
248,64,274,2,95,4,0,2,2,2,0,-38
249,73,276,1,80,1,9,2,11,11,1,-37
250,74,277,1,105,2,1,2,12,0,1,-36
251,73,278,1,80,1,-1,2,11,11,-1,-37
252,74,279,1,80,2,1,2,12,0,1,-36
253,69,280,2,95,9,-5,2,7,7,-1,-37
254,67,282,1,80,7,-2,2,5,5,-1,-38
255,66,283,1,105,6,-1,2,4,4,-1,-39
256,62,284,1,80,2,-4,2,0,0,-1,-40
257,62,285,1,80,2,0,2,0,0,0,-40
258,62,286,3,95,2,0,2,0,0,0,-40
