,midi_note,onset,duration,velocity,pitch_class,interval,root,relative_pitch,relative_pitch_class,parsons_code,parsons_cumsum
0,67,0,1,105,7,0,7,0,0,0,0
1,69,1,0,80,9,2,7,2,2,1,1
2,71,2,2,105,11,2,7,4,4,1,2
3,71,4,2,80,11,0,7,4,4,0,2
4,71,6,2,95,11,0,7,4,4,0,2
5,71,8,2,80,11,0,7,4,4,0,2
6,69,10,1,105,9,-2,7,2,2,-1,1
7,71,11,0,80,11,2,7,4,4,1,2
8,69,12,1,80,9,-2,7,2,2,-1,1
9,67,13,0,80,7,-2,7,0,0,-1,0
10,64,14,2,95,4,-3,7,-3,9,-1,-1
11,62,16,1,80,2,-2,7,-5,7,-1,-2
12,64,17,0,80,4,2,7,-3,9,1,-1
13,67,18,2,105,7,3,7,0,0,1,0
14,67,20,1,80,7,0,7,0,0,0,0
15,71,21,0,80,11,4,7,4,4,1,1
16,74,22,2,95,2,3,7,7,7,1,2
17,74,24,2,80,2,0,7,7,7,0,2
18,76,26,2,105,4,2,7,9,9,1,3
19,74,28,1,80,2,-2,7,7,7,-1,2
20,71,29,0,80,11,-3,7,4,4,-1,1
21,69,30,1,95,9,-2,7,2,2,-1,0
22,71,31,0,80,11,2,7,4,4,1,1
23,67,32,1,80,7,-4,7,0,0,-1,0
24,69,33,0,80,9,2,7,2,2,1,1
25,71,34,2,105,11,2,7,4,4,1,2
26,71,36,2,80,11,0,7,4,4,0,2
27,71,38,2,95,11,0,7,4,4,0,2
28,71,40,2,80,11,0,7,4,4,0,2
29,69,42,1,105,9,-2,7,2,2,-1,1
30,71,43,0,80,11,2,7,4,4,1,2
31,69,44,1,80,9,-2,7,2,2,-1,1
32,67,45,0,80,7,-2,7,0,0,-1,0
33,64,46,2,95,4,-3,7,-3,9,-1,-1
34,62,48,1,80,2,-2,7,-5,7,-1,-2
35,64,49,0,80,4,2,7,-3,9,1,-1
36,67,50,2,105,7,3,7,0,0,1,0
37,71,52,1,80,11,4,7,4,4,1,1
38,67,53,0,80,7,-4,7,0,0,-1,0
39,69,54,1,95,9,2,7,2,2,1,1
40,72,55,0,80,0,3,7,5,5,1,2
41,71,56,1,80,11,-1,7,4,4,-1,1
42,69,57,0,80,9,-2,7,2,2,-1,0
43,67,58,2,105,7,-2,7,0,0,-1,-1
44,67,60,2,80,7,0,7,0,0,0,-1
45,67,62,2,95,7,0,7,0,0,0,-1
46,67,64,1,80,7,0,7,0,0,0,-1
47,69,65,0,80,9,2,7,2,2,1,0
48,71,66,2,105,11,2,7,4,4,1,1
49,71,68,2,80,11,0,7,4,4,0,1
50,71,70,2,95,11,0,7,4,4,0,1
51,71,72,2,80,11,0,7,4,4,0,1
52,69,74,1,105,9,-2,7,2,2,-1,0
53,71,75,0,80,11,2,7,4,4,1,1
54,69,76,1,80,9,-2,7,2,2,-1,0
55,67,77,0,80,7,-2,7,0,0,-1,-1
56,64,78,2,95,4,-3,7,-3,9,-1,-2
57,62,80,1,80,2,-2,7,-5,7,-1,-3
58,64,81,0,80,4,2,7,-3,9,1,-2
59,67,82,2,105,7,3,7,0,0,1,-1
60,67,84,1,80,7,0,7,0,0,0,-1
61,71,85,0,80,11,4,7,4,4,1,0
62,74,86,2,95,2,3,7,7,7,1,1
63,74,88,2,80,2,0,7,7,7,0,1
64,76,90,2,105,4,2,7,9,9,1,2
65,74,92,1,80,2,-2,7,7,7,-1,1
66,71,93,0,80,11,-3,7,4,4,-1,0
67,69,94,1,95,9,-2,7,2,2,-1,-1
68,71,95,0,80,11,2,7,4,4,1,0
69,67,96,1,80,7,-4,7,0,0,-1,-1
70,69,97,0,80,9,2,7,2,2,1,0
71,71,98,2,105,11,2,7,4,4,1,1
72,71,100,2,80,11,0,7,4,4,0,1
73,71,102,2,95,11,0,7,4,4,0,1
74,71,104,2,80,11,0,7,4,4,0,1
75,69,106,1,105,9,-2,7,2,2,-1,0
76,71,107,0,80,11,2,7,4,4,1,1
77,69,108,1,80,9,-2,7,2,2,-1,0
78,67,109,0,80,7,-2,7,0,0,-1,-1
79,64,110,2,95,4,-3,7,-3,9,-1,-2
80,62,112,1,80,2,-2,7,-5,7,-1,-3
81,64,113,0,80,4,2,7,-3,9,1,-2
82,67,114,2,105,7,3,7,0,0,1,-1
83,71,116,1,80,11,4,7,4,4,1,0
84,67,117,0,80,7,-4,7,0,0,-1,-1
85,69,118,1,95,9,2,7,2,2,1,0
86,72,119,0,80,0,3,7,5,5,1,1
87,71,120,1,80,11,-1,7,4,4,-1,0
88,69,121,0,80,9,-2,7,2,2,-1,-1
89,67,122,2,105,7,-2,7,0,0,-1,-2
90,67,124,2,80,7,0,7,0,0,0,-2
91,67,126,3,95,7,0,7,0,0,0,-2
92,71,129,1,80,11,4,7,4,4,1,-1
93,74,130,2,105,2,3,7,7,7,1,0
94,74,132,2,80,2,0,7,7,7,0,0
95,74,134,2,95,2,0,7,7,7,0,0
96,74,136,2,80,2,0,7,7,7,0,0
97,69,138,1,105,9,-5,7,2,2,-1,-1
98,72,139,0,80,0,3,7,5,5,1,0
99,71,140,1,80,11,-1,7,4,4,-1,-1
100,69,141,0,80,9,-2,7,2,2,-1,-2
101,67,142,1,95,7,-2,7,0,0,-1,-3
102,69,143,0,80,9,2,7,2,2,1,-2
103,71,144,1,80,11,2,7,4,4,1,-1
104,74,145,0,80,2,3,7,7,7,1,0
105,76,146,2,105,4,2,7,9,9,1,1
106,76,148,2,80,4,0,7,9,9,0,1
107,76,150,2,95,4,0,7,9,9,0,1
108,76,152,2,80,4,0,7,9,9,0,1
109,69,154,1,105,9,-7,7,2,2,-1,0
110,72,155,0,80,0,3,7,5,5,1,1
111,71,156,1,80,11,-1,7,4,4,-1,0
112,69,157,0,80,9,-2,7,2,2,-1,-1
113,67,158,1,95,7,-2,7,0,0,-1,-2
114,69,159,0,80,9,2,7,2,2,1,-1
115,71,160,1,80,11,2,7,4,4,1,0
116,72,161,0,80,0,1,7,5,5,1,1
117,74,162,2,105,2,2,7,7,7,1,2
118,74,164,2,80,2,0,7,7,7,0,2
119,74,166,2,95,2,0,7,7,7,0,2
120,74,168,2,80,2,0,7,7,7,0,2
121,69,170,1,105,9,-5,7,2,2,-1,1
122,72,171,0,80,0,3,7,5,5,1,2
123,71,172,1,80,11,-1,7,4,4,-1,1
124,69,173,0,80,9,-2,7,2,2,-1,0
125,67,174,1,95,7,-2,7,0,0,-1,-1
126,69,175,0,80,9,2,7,2,2,1,0
127,71,176,1,80,11,2,7,4,4,1,1
128,74,177,0,80,2,3,7,7,7,1,2
129,79,178,2,105,7,5,7,12,0,1,3
130,79,180,1,80,7,0,7,12,0,0,3
131,76,181,0,80,4,-3,7,9,9,-1,2
132,74,182,1,95,2,-2,7,7,7,-1,1
133,71,183,0,80,11,-3,7,4,4,-1,0
134,67,184,1,80,7,-4,7,0,0,-1,-1
135,69,185,0,80,9,2,7,2,2,1,0
136,71,186,2,105,11,2,7,4,4,1,1
137,69,188,2,80,9,-2,7,2,2,-1,0
138,67,190,3,95,7,-2,7,0,0,-1,-1
139,71,193,1,80,11,4,7,4,4,1,0
140,74,194,2,105,2,3,7,7,7,1,1
141,74,196,2,80,2,0,7,7,7,0,1
142,74,198,2,95,2,0,7,7,7,0,1
143,74,200,2,80,2,0,7,7,7,0,1
144,69,202,1,105,9,-5,7,2,2,-1,0
145,72,203,0,80,0,3,7,5,5,1,1
146,71,204,1,80,11,-1,7,4,4,-1,0
147,69,205,0,80,9,-2,7,2,2,-1,-1
148,67,206,1,95,7,-2,7,0,0,-1,-2
149,69,207,0,80,9,2,7,2,2,1,-1
150,71,208,1,80,11,2,7,4,4,1,0
151,74,209,0,80,2,3,7,7,7,1,1
152,76,210,2,105,4,2,7,9,9,1,2
153,76,212,2,80,4,0,7,9,9,0,2
154,76,214,2,95,4,0,7,9,9,0,2
155,76,216,2,80,4,0,7,9,9,0,2
156,69,218,1,105,9,-7,7,2,2,-1,1
157,72,219,0,80,0,3,7,5,5,1,2
158,71,220,1,80,11,-1,7,4,4,-1,1
159,69,221,0,80,9,-2,7,2,2,-1,0
160,67,222,1,95,7,-2,7,0,0,-1,-1
161,69,223,0,80,9,2,7,2,2,1,0
162,71,224,1,80,11,2,7,4,4,1,1
163,72,225,0,80,0,1,7,5,5,1,2
164,74,226,2,105,2,2,7,7,7,1,3
165,74,228,2,80,2,0,7,7,7,0,3
166,74,230,2,95,2,0,7,7,7,0,3
167,74,232,2,80,2,0,7,7,7,0,3
168,69,234,1,105,9,-5,7,2,2,-1,2
169,72,235,0,80,0,3,7,5,5,1,3
170,71,236,1,80,11,-1,7,4,4,-1,2
171,69,237,0,80,9,-2,7,2,2,-1,1
172,67,238,1,95,7,-2,7,0,0,-1,0
173,69,239,0,80,9,2,7,2,2,1,1
174,71,240,1,80,11,2,7,4,4,1,2
175,74,241,0,80,2,3,7,7,7,1,3
176,79,242,2,105,7,5,7,12,0,1,4
177,79,244,1,80,7,0,7,12,0,0,4
178,76,245,0,80,4,-3,7,9,9,-1,3
179,74,246,1,95,2,-2,7,7,7,-1,2
180,71,247,0,80,11,-3,7,4,4,-1,1
181,67,248,1,80,7,-4,7,0,0,-1,0
182,69,249,0,80,9,2,7,2,2,1,1
183,71,250,2,105,11,2,7,4,4,1,2
184,69,252,2,80,9,-2,7,2,2,-1,1
185,67,254,8,95,7,-2,7,0,0,-1,0
