,midi_note,onset,duration,velocity,pitch_class,interval,root,relative_pitch,relative_pitch_class,parsons_code,parsons_cumsum
0,76,0,1,105,4,0,4,12,0,0,0
1,74,1,2,105,2,-2,4,10,10,-1,-1
2,71,3,1,80,11,-3,4,7,7,-1,-2
3,71,4,1,95,11,0,4,7,7,0,-2
4,69,5,1,80,9,-2,4,5,5,-1,-3
5,71,6,1,80,11,2,4,7,7,1,-2
6,74,7,2,105,2,3,4,10,10,1,-1
7,71,9,1,80,11,-3,4,7,7,-1,-2
8,79,10,2,95,7,8,4,15,3,1,-1
9,76,12,1,80,4,-3,4,12,0,-1,-2
10,74,13,2,105,2,-2,4,10,10,-1,-3
11,71,15,1,80,11,-3,4,7,7,-1,-4
12,71,16,1,95,11,0,4,7,7,0,-4
13,69,17,1,80,9,-2,4,5,5,-1,-5
14,71,18,1,80,11,2,4,7,7,1,-4
15,67,19,2,105,7,-4,4,3,3,-1,-5
16,64,21,1,80,4,-3,4,0,0,-1,-6
17,64,22,2,95,4,0,4,0,0,0,-6
18,76,24,1,80,4,12,4,12,0,1,-5
19,74,25,2,105,2,-2,4,10,10,-1,-6
20,71,27,1,80,11,-3,4,7,7,-1,-7
21,71,28,1,95,11,0,4,7,7,0,-7
22,69,29,1,80,9,-2,4,5,5,-1,-8
23,71,30,1,80,11,2,4,7,7,1,-7
24,74,31,1,105,2,3,4,10,10,1,-6
25,76,32,1,80,4,2,4,12,0,1,-5
26,78,33,1,80,6,2,4,14,2,1,-4
27,79,34,2,95,7,1,4,15,3,1,-3
28,78,36,1,80,6,-1,4,14,2,-1,-4
29,76,37,1,105,4,-2,4,12,0,-1,-5
30,74,38,1,80,2,-2,4,10,10,-1,-6
31,71,39,1,80,11,-3,4,7,7,-1,-7
32,71,40,1,95,11,0,4,7,7,0,-7
33,69,41,1,80,9,-2,4,5,5,-1,-8
34,71,42,1,80,11,2,4,7,7,1,-7
35,67,43,2,105,7,-4,4,3,3,-1,-8
36,64,45,1,80,4,-3,4,0,0,-1,-9
37,64,46,2,95,4,0,4,0,0,0,-9
38,76,48,1,80,4,12,4,12,0,1,-8
39,74,49,2,105,2,-2,4,10,10,-1,-9
40,71,51,1,80,11,-3,4,7,7,-1,-10
41,71,52,1,95,11,0,4,7,7,0,-10
42,69,53,1,80,9,-2,4,5,5,-1,-11
43,71,54,1,80,11,2,4,7,7,1,-10
44,74,55,2,105,2,3,4,10,10,1,-9
45,71,57,1,80,11,-3,4,7,7,-1,-10
46,79,58,2,95,7,8,4,15,3,1,-9
47,76,60,1,80,4,-3,4,12,0,-1,-10
48,74,61,2,105,2,-2,4,10,10,-1,-11
49,71,63,1,80,11,-3,4,7,7,-1,-12
50,71,64,1,95,11,0,4,7,7,0,-12
51,69,65,1,80,9,-2,4,5,5,-1,-13
52,71,66,1,80,11,2,4,7,7,1,-12
53,67,67,2,105,7,-4,4,3,3,-1,-13
54,64,69,1,80,4,-3,4,0,0,-1,-14
55,64,70,2,95,4,0,4,0,0,0,-14
56,76,72,1,80,4,12,4,12,0,1,-13
57,74,73,2,105,2,-2,4,10,10,-1,-14
58,71,75,1,80,11,-3,4,7,7,-1,-15
59,71,76,1,95,11,0,4,7,7,0,-15
60,69,77,1,80,9,-2,4,5,5,-1,-16
61,71,78,1,80,11,2,4,7,7,1,-15
62,74,79,1,105,2,3,4,10,10,1,-14
63,76,80,1,80,4,2,4,12,0,1,-13
64,78,81,1,80,6,2,4,14,2,1,-12
65,79,82,2,95,7,1,4,15,3,1,-11
66,78,84,1,80,6,-1,4,14,2,-1,-12
67,76,85,1,105,4,-2,4,12,0,-1,-13
68,74,86,1,80,2,-2,4,10,10,-1,-14
69,71,87,1,80,11,-3,4,7,7,-1,-15
70,71,88,1,95,11,0,4,7,7,0,-15
71,69,89,1,80,9,-2,4,5,5,-1,-16
72,71,90,1,80,11,2,4,7,7,1,-15
73,67,91,2,105,7,-4,4,3,3,-1,-16
74,64,93,1,80,4,-3,4,0,0,-1,-17
75,64,94,2,95,4,0,4,0,0,0,-17
76,62,96,1,80,2,-2,4,-2,10,-1,-18
77,67,97,2,105,7,5,4,3,3,1,-17
78,71,99,1,80,11,4,4,7,7,1,-16
79,71,100,1,95,11,0,4,7,7,0,-16
80,71,101,1,80,11,0,4,7,7,0,-16
81,71,102,1,80,11,0,4,7,7,0,-16
82,67,103,2,105,7,-4,4,3,3,-1,-17
83,64,105,1,80,4,-3,4,0,0,-1,-18
84,64,106,1,95,4,0,4,0,0,0,-18
85,62,107,1,80,2,-2,4,-2,10,-1,-19
86,62,108,1,80,2,0,4,-2,10,0,-19
87,66,109,2,105,6,4,4,2,2,1,-18
88,69,111,1,80,9,3,4,5,5,1,-17
89,69,112,1,95,9,0,4,5,5,0,-17
90,69,113,1,80,9,0,4,5,5,0,-17
91,69,114,1,80,9,0,4,5,5,0,-17
92,67,115,1,105,7,-2,4,3,3,-1,-18
93,64,116,1,80,4,-3,4,0,0,-1,-19
94,62,117,1,80,2,-2,4,-2,10,-1,-20
95,62,118,3,95,2,0,4,-2,10,0,-20
96,67,121,2,105,7,5,4,3,3,1,-19
97,71,123,1,80,11,4,4,7,7,1,-18
98,71,124,1,95,11,0,4,7,7,0,-18
99,69,125,1,80,9,-2,4,5,5,-1,-19
100,69,126,1,80,9,0,4,5,5,0,-19
101,74,127,1,105,2,5,4,10,10,1,-18
102,76,128,1,80,4,2,4,12,0,1,-17
103,78,129,1,80,6,2,4,14,2,1,-16
104,79,130,2,95,7,1,4,15,3,1,-15
105,78,132,1,80,6,-1,4,14,2,-1,-16
106,76,133,1,105,4,-2,4,12,0,-1,-17
107,74,134,1,80,2,-2,4,10,10,-1,-18
108,71,135,1,80,11,-3,4,7,7,-1,-19
109,71,136,1,95,11,0,4,7,7,0,-19
110,69,137,1,80,9,-2,4,5,5,-1,-20
111,71,138,1,80,11,2,4,7,7,1,-19
112,67,139,2,105,7,-4,4,3,3,-1,-20
113,64,141,1,80,4,-3,4,0,0,-1,-21
114,64,142,2,95,4,0,4,0,0,0,-21
115,62,144,1,80,2,-2,4,-2,10,-1,-22
116,67,145,2,105,7,5,4,3,3,1,-21
117,71,147,1,80,11,4,4,7,7,1,-20
118,71,148,1,95,11,0,4,7,7,0,-20
119,71,149,1,80,11,0,4,7,7,0,-20
120,71,150,1,80,11,0,4,7,7,0,-20
121,67,151,2,105,7,-4,4,3,3,-1,-21
122,64,153,1,80,4,-3,4,0,0,-1,-22
123,64,154,1,95,4,0,4,0,0,0,-22
124,62,155,1,80,2,-2,4,-2,10,-1,-23
125,62,156,1,80,2,0,4,-2,10,0,-23
126,66,157,2,105,6,4,4,2,2,1,-22
127,69,159,1,80,9,3,4,5,5,1,-21
128,69,160,1,95,9,0,4,5,5,0,-21
129,69,161,1,80,9,0,4,5,5,0,-21
130,69,162,1,80,9,0,4,5,5,0,-21
131,67,163,1,105,7,-2,4,3,3,-1,-22
132,64,164,1,80,4,-3,4,0,0,-1,-23
133,62,165,1,80,2,-2,4,-2,10,-1,-24
134,62,166,3,95,2,0,4,-2,10,0,-24
135,67,169,2,105,7,5,4,3,3,1,-23
136,71,171,1,80,11,4,4,7,7,1,-22
137,71,172,1,95,11,0,4,7,7,0,-22
138,69,173,1,80,9,-2,4,5,5,-1,-23
139,69,174,1,80,9,0,4,5,5,0,-23
140,74,175,1,105,2,5,4,10,10,1,-22
141,76,176,1,80,4,2,4,12,0,1,-21
142,78,177,1,80,6,2,4,14,2,1,-20
143,79,178,2,95,7,1,4,15,3,1,-19
144,78,180,1,80,6,-1,4,14,2,-1,-20
145,76,181,1,105,4,-2,4,12,0,-1,-21
146,74,182,1,80,2,-2,4,10,10,-1,-22
147,71,183,1,80,11,-3,4,7,7,-1,-23
148,71,184,1,95,11,0,4,7,7,0,-23
149,69,185,1,80,9,-2,4,5,5,-1,-24
150,71,186,1,80,11,2,4,7,7,1,-23
151,67,187,2,105,7,-4,4,3,3,-1,-24
152,64,189,1,80,4,-3,4,0,0,-1,-25
153,64,190,2,95,4,0,4,0,0,0,-25
