,midi_note,onset,duration,velocity,pitch_class,interval,root,relative_pitch,relative_pitch_class,parsons_code,parsons_cumsum
0,74,0,1,105,2,0,7,7,7,0,0
1,72,1,0,80,0,-2,7,5,5,-1,-1
2,71,2,0,105,11,-1,7,4,4,-1,-2
3,72,2,0,80,0,1,7,5,5,1,-1
4,71,3,0,80,11,-1,7,4,4,-1,-2
5,67,4,1,80,7,-4,7,0,0,-1,-3
6,71,5,0,80,11,4,7,4,4,1,-2
7,69,6,1,95,9,-2,7,2,2,-1,-3
8,67,7,0,80,7,-2,7,0,0,-1,-4
9,66,8,1,80,6,-1,7,-1,11,-1,-5
10,69,9,0,80,9,3,7,2,2,1,-4
11,74,10,1,105,2,5,7,7,7,1,-3
12,79,11,0,80,7,5,7,12,0,1,-2
13,78,12,1,80,6,-1,7,11,11,-1,-3
14,79,13,0,80,7,1,7,12,0,1,-2
15,76,14,1,95,4,-3,7,9,9,-1,-3
16,72,15,0,80,0,-4,7,5,5,-1,-4
17,69,16,1,80,9,-3,7,2,2,-1,-5
18,67,17,0,80,7,-2,7,0,0,-1,-6
19,66,18,1,105,6,-1,7,-1,11,-1,-7
20,67,19,0,80,7,1,7,0,0,1,-6
21,69,20,1,80,9,2,7,2,2,1,-5
22,71,21,0,80,11,2,7,4,4,1,-4
23,72,22,1,95,0,1,7,5,5,1,-3
24,71,23,0,80,11,-1,7,4,4,-1,-4
25,72,24,1,80,0,1,7,5,5,1,-3
26,74,25,0,80,2,2,7,7,7,1,-2
27,76,26,1,105,4,2,7,9,9,1,-1
28,72,27,0,80,0,-4,7,5,5,-1,-2
29,71,28,1,80,11,-1,7,4,4,-1,-3
30,72,29,0,80,0,1,7,5,5,1,-2
31,69,30,2,95,9,-3,7,2,2,-1,-3
32,74,32,1,80,2,5,7,7,7,1,-2
33,72,33,0,80,0,-2,7,5,5,-1,-3
34,71,34,0,105,11,-1,7,4,4,-1,-4
35,72,34,0,80,0,1,7,5,5,1,-3
36,71,35,0,80,11,-1,7,4,4,-1,-4
37,67,36,1,80,7,-4,7,0,0,-1,-5
38,71,37,0,80,11,4,7,4,4,1,-4
39,69,38,1,95,9,-2,7,2,2,-1,-5
40,67,39,0,80,7,-2,7,0,0,-1,-6
41,66,40,1,80,6,-1,7,-1,11,-1,-7
42,69,41,0,80,9,3,7,2,2,1,-6
43,74,42,1,105,2,5,7,7,7,1,-5
44,79,43,0,80,7,5,7,12,0,1,-4
45,78,44,1,80,6,-1,7,11,11,-1,-5
46,79,45,0,80,7,1,7,12,0,1,-4
47,76,46,1,95,4,-3,7,9,9,-1,-5
48,72,47,0,80,0,-4,7,5,5,-1,-6
49,69,48,1,80,9,-3,7,2,2,-1,-7
50,67,49,0,80,7,-2,7,0,0,-1,-8
51,66,50,1,105,6,-1,7,-1,11,-1,-9
52,67,51,0,80,7,1,7,0,0,1,-8
53,69,52,1,80,9,2,7,2,2,1,-7
54,71,53,0,80,11,2,7,4,4,1,-6
55,72,54,1,95,0,1,7,5,5,1,-5
56,76,55,0,80,4,4,7,9,9,1,-4
57,74,56,1,80,2,-2,7,7,7,-1,-5
58,72,57,0,80,0,-2,7,5,5,-1,-6
59,71,58,2,105,11,-1,7,4,4,-1,-7
60,67,60,2,80,7,-4,7,0,0,-1,-8
61,67,62,2,95,7,0,7,0,0,0,-8
62,71,64,1,80,11,4,7,4,4,1,-7
63,74,65,0,80,2,3,7,7,7,1,-6
64,74,66,1,105,2,0,7,7,7,0,-6
65,79,67,0,80,7,5,7,12,0,1,-5
66,78,68,1,80,6,-1,7,11,11,-1,-6
67,79,69,0,80,7,1,7,12,0,1,-5
68,74,70,1,95,2,-5,7,7,7,-1,-6
69,79,71,0,80,7,5,7,12,0,1,-5
70,78,72,1,80,6,-1,7,11,11,-1,-6
71,79,73,0,80,7,1,7,12,0,1,-5
72,74,74,1,105,2,-5,7,7,7,-1,-6
73,79,75,0,80,7,5,7,12,0,1,-5
74,78,76,1,80,6,-1,7,11,11,-1,-6
75,79,77,0,80,7,1,7,12,0,1,-5
76,76,78,1,95,4,-3,7,9,9,-1,-6
77,72,79,0,80,0,-4,7,5,5,-1,-7
78,69,80,1,80,9,-3,7,2,2,-1,-8
79,67,81,0,80,7,-2,7,0,0,-1,-9
80,66,82,1,105,6,-1,7,-1,11,-1,-10
81,67,83,0,80,7,1,7,0,0,1,-9
82,69,84,1,80,9,2,7,2,2,1,-8
83,71,85,0,80,11,2,7,4,4,1,-7
84,72,86,1,95,0,1,7,5,5,1,-6
85,71,87,0,80,11,-1,7,4,4,-1,-7
86,72,88,1,80,0,1,7,5,5,1,-6
87,74,89,0,80,2,2,7,7,7,1,-5
88,76,90,1,105,4,2,7,9,9,1,-4
89,72,91,0,80,0,-4,7,5,5,-1,-5
90,71,92,1,80,11,-1,7,4,4,-1,-6
91,72,93,0,80,0,1,7,5,5,1,-5
92,69,94,1,95,9,-3,7,2,2,-1,-6
93,76,95,0,80,4,7,7,9,9,1,-5
94,74,96,1,80,2,-2,7,7,7,-1,-6
95,72,97,0,80,0,-2,7,5,5,-1,-7
96,71,98,0,105,11,-1,7,4,4,-1,-8
97,72,98,0,80,0,1,7,5,5,1,-7
98,71,99,0,80,11,-1,7,4,4,-1,-8
99,67,100,1,80,7,-4,7,0,0,-1,-9
100,71,101,0,80,11,4,7,4,4,1,-8
101,69,102,1,95,9,-2,7,2,2,-1,-9
102,67,103,0,80,7,-2,7,0,0,-1,-10
103,66,104,1,80,6,-1,7,-1,11,-1,-11
104,69,105,0,80,9,3,7,2,2,1,-10
105,74,106,1,105,2,5,7,7,7,1,-9
106,79,107,0,80,7,5,7,12,0,1,-8
107,78,108,1,80,6,-1,7,11,11,-1,-9
108,79,109,0,80,7,1,7,12,0,1,-8
109,76,110,1,95,4,-3,7,9,9,-1,-9
110,72,111,0,80,0,-4,7,5,5,-1,-10
111,69,112,1,80,9,-3,7,2,2,-1,-11
112,67,113,0,80,7,-2,7,0,0,-1,-12
113,66,114,1,105,6,-1,7,-1,11,-1,-13
114,67,115,0,80,7,1,7,0,0,1,-12
115,69,116,1,80,9,2,7,2,2,1,-11
116,71,117,0,80,11,2,7,4,4,1,-10
117,72,118,1,95,0,1,7,5,5,1,-9
118,76,119,0,80,4,4,7,9,9,1,-8
119,74,120,1,80,2,-2,7,7,7,-1,-9
120,72,121,0,80,0,-2,7,5,5,-1,-10
121,71,122,2,105,11,-1,7,4,4,-1,-11
122,67,124,2,80,7,-4,7,0,0,-1,-12
123,67,126,2,95,7,0,7,0,0,0,-12
