,midi_note,onset,duration,velocity,pitch_class,interval,root,relative_pitch,relative_pitch_class,parsons_code,parsons_cumsum
0,62,0,0,105,2,0,7,-5,7,0,0
1,64,0,0,80,4,2,7,-3,9,1,1
2,66,0,0,80,6,2,7,-1,11,1,2
3,67,1,1,105,7,1,7,0,0,1,3
4,71,2,1,80,11,4,7,4,4,1,4
5,74,3,1,80,2,3,7,7,7,1,5
6,71,4,1,80,11,-3,7,4,4,-1,4
7,72,5,1,95,0,1,7,5,5,1,5
8,71,6,1,80,11,-1,7,4,4,-1,4
9,69,7,1,80,9,-2,7,2,2,-1,3
10,66,8,1,80,6,-3,7,-1,11,-1,2
11,67,9,2,105,7,1,7,0,0,1,3
12,71,11,1,80,11,4,7,4,4,1,4
13,74,12,1,80,2,3,7,7,7,1,5
14,76,13,1,95,4,2,7,9,9,1,6
15,79,14,1,80,7,3,7,12,0,1,7
16,74,15,1,80,2,-5,7,7,7,-1,6
17,71,16,1,80,11,-3,7,4,4,-1,5
18,67,17,1,105,7,-4,7,0,0,-1,4
19,71,18,1,80,11,4,7,4,4,1,5
20,74,19,1,80,2,3,7,7,7,1,6
21,71,20,1,80,11,-3,7,4,4,-1,5
22,72,21,1,95,0,1,7,5,5,1,6
23,71,22,1,80,11,-1,7,4,4,-1,5
24,69,23,1,80,9,-2,7,2,2,-1,4
25,67,24,1,80,7,-2,7,0,0,-1,3
26,66,25,1,105,6,-1,7,-1,11,-1,2
27,62,26,1,80,2,-4,7,-5,7,-1,1
28,69,27,1,80,9,7,7,2,2,1,2
29,62,28,1,80,2,-7,7,-5,7,-1,1
30,71,29,1,95,11,9,7,4,4,1,2
31,62,30,1,80,2,-9,7,-5,7,-1,1
32,69,31,1,80,9,7,7,2,2,1,2
33,62,32,1,80,2,-7,7,-5,7,-1,1
34,67,33,1,105,7,5,7,0,0,1,2
35,71,34,1,80,11,4,7,4,4,1,3
36,74,35,1,80,2,3,7,7,7,1,4
37,71,36,1,80,11,-3,7,4,4,-1,3
38,72,37,1,95,0,1,7,5,5,1,4
39,71,38,1,80,11,-1,7,4,4,-1,3
40,69,39,1,80,9,-2,7,2,2,-1,2
41,66,40,1,80,6,-3,7,-1,11,-1,1
42,67,41,2,105,7,1,7,0,0,1,2
43,71,43,1,80,11,4,7,4,4,1,3
44,74,44,1,80,2,3,7,7,7,1,4
45,76,45,1,95,4,2,7,9,9,1,5
46,79,46,1,80,7,3,7,12,0,1,6
47,74,47,1,80,2,-5,7,7,7,-1,5
48,71,48,1,80,11,-3,7,4,4,-1,4
49,67,49,1,105,7,-4,7,0,0,-1,3
50,71,50,1,80,11,4,7,4,4,1,4
51,74,51,1,80,2,3,7,7,7,1,5
52,71,52,1,80,11,-3,7,4,4,-1,4
53,72,53,1,95,0,1,7,5,5,1,5
54,71,54,1,80,11,-1,7,4,4,-1,4
55,69,55,1,80,9,-2,7,2,2,-1,3
56,67,56,1,80,7,-2,7,0,0,-1,2
57,66,57,1,105,6,-1,7,-1,11,-1,1
58,67,58,1,80,7,1,7,0,0,1,2
59,69,59,1,80,9,2,7,2,2,1,3
60,74,60,1,80,2,5,7,7,7,1,4
61,71,61,1,95,11,-3,7,4,4,-1,3
62,67,62,1,80,7,-4,7,0,0,-1,2
63,67,63,1,80,7,0,7,0,0,0,2
64,62,64,0,80,2,-5,7,-5,7,-1,1
65,64,64,0,80,4,2,7,-3,9,1,2
66,66,64,0,80,6,2,7,-1,11,1,3
67,67,65,1,105,7,1,7,0,0,1,4
68,71,66,1,80,11,4,7,4,4,1,5
69,74,67,1,80,2,3,7,7,7,1,6
70,71,68,1,80,11,-3,7,4,4,-1,5
71,72,69,1,95,0,1,7,5,5,1,6
72,71,70,1,80,11,-1,7,4,4,-1,5
73,69,71,1,80,9,-2,7,2,2,-1,4
74,66,72,1,80,6,-3,7,-1,11,-1,3
75,67,73,2,105,7,1,7,0,0,1,4
76,71,75,1,80,11,4,7,4,4,1,5
77,74,76,1,80,2,3,7,7,7,1,6
78,76,77,1,95,4,2,7,9,9,1,7
79,79,78,1,80,7,3,7,12,0,1,8
80,74,79,1,80,2,-5,7,7,7,-1,7
81,71,80,1,80,11,-3,7,4,4,-1,6
82,67,81,1,105,7,-4,7,0,0,-1,5
83,71,82,1,80,11,4,7,4,4,1,6
84,74,83,1,80,2,3,7,7,7,1,7
85,71,84,1,80,11,-3,7,4,4,-1,6
86,72,85,1,95,0,1,7,5,5,1,7
87,71,86,1,80,11,-1,7,4,4,-1,6
88,69,87,1,80,9,-2,7,2,2,-1,5
89,67,88,1,80,7,-2,7,0,0,-1,4
90,66,89,1,105,6,-1,7,-1,11,-1,3
91,62,90,1,80,2,-4,7,-5,7,-1,2
92,69,91,1,80,9,7,7,2,2,1,3
93,62,92,1,80,2,-7,7,-5,7,-1,2
94,71,93,1,95,11,9,7,4,4,1,3
95,62,94,1,80,2,-9,7,-5,7,-1,2
96,69,95,1,80,9,7,7,2,2,1,3
97,62,96,1,80,2,-7,7,-5,7,-1,2
98,67,97,1,105,7,5,7,0,0,1,3
99,71,98,1,80,11,4,7,4,4,1,4
100,74,99,1,80,2,3,7,7,7,1,5
101,71,100,1,80,11,-3,7,4,4,-1,4
102,72,101,1,95,0,1,7,5,5,1,5
103,71,102,1,80,11,-1,7,4,4,-1,4
104,69,103,1,80,9,-2,7,2,2,-1,3
105,66,104,1,80,6,-3,7,-1,11,-1,2
106,67,105,2,105,7,1,7,0,0,1,3
107,71,107,1,80,11,4,7,4,4,1,4
108,74,108,1,80,2,3,7,7,7,1,5
109,76,109,1,95,4,2,7,9,9,1,6
110,79,110,1,80,7,3,7,12,0,1,7
111,74,111,1,80,2,-5,7,7,7,-1,6
112,71,112,1,80,11,-3,7,4,4,-1,5
113,67,113,1,105,7,-4,7,0,0,-1,4
114,71,114,1,80,11,4,7,4,4,1,5
115,74,115,1,80,2,3,7,7,7,1,6
116,71,116,1,80,11,-3,7,4,4,-1,5
117,72,117,1,95,0,1,7,5,5,1,6
118,71,118,1,80,11,-1,7,4,4,-1,5
119,69,119,1,80,9,-2,7,2,2,-1,4
120,67,120,1,80,7,-2,7,0,0,-1,3
121,66,121,1,105,6,-1,7,-1,11,-1,2
122,67,122,1,80,7,1,7,0,0,1,3
123,69,123,1,80,9,2,7,2,2,1,4
124,74,124,1,80,2,5,7,7,7,1,5
125,71,125,1,95,11,-3,7,4,4,-1,4
126,67,126,1,80,7,-4,7,0,0,-1,3
127,67,127,1,80,7,0,7,0,0,0,3
128,71,128,1,80,11,4,7,4,4,1,4
129,79,129,2,105,7,8,7,12,0,1,5
130,78,131,1,80,6,-1,7,11,11,-1,4
131,79,132,1,80,7,1,7,12,0,1,5
132,76,133,1,95,4,-3,7,9,9,-1,4
133,72,134,1,80,0,-4,7,5,5,-1,3
134,72,135,0,80,0,0,7,5,5,0,3
135,71,135,1,80,11,-1,7,4,4,-1,2
136,72,137,2,105,0,1,7,5,5,1,3
137,72,139,1,80,0,0,7,5,5,0,3
138,71,140,1,80,11,-1,7,4,4,-1,2
139,72,141,1,95,0,1,7,5,5,1,3
140,74,142,1,80,2,2,7,7,7,1,4
141,76,143,1,80,4,2,7,9,9,1,5
142,78,144,1,80,6,2,7,11,11,1,6
143,79,145,2,105,7,1,7,12,0,1,7
144,78,147,1,80,6,-1,7,11,11,-1,6
145,74,148,1,80,2,-4,7,7,7,-1,5
146,76,149,1,95,4,2,7,9,9,1,6
147,72,150,1,80,0,-4,7,5,5,-1,5
148,72,151,0,80,0,0,7,5,5,0,5
149,71,151,1,80,11,-1,7,4,4,-1,4
150,76,153,1,105,4,5,7,9,9,1,5
151,81,154,1,80,9,5,7,14,2,1,6
152,83,155,0,80,11,2,7,16,4,1,7
153,81,155,1,80,9,-2,7,14,2,-1,6
154,78,157,1,95,6,-3,7,11,11,-1,5
155,74,158,1,80,2,-4,7,7,7,-1,4
156,76,159,1,80,4,2,7,9,9,1,5
157,78,160,1,80,6,2,7,11,11,1,6
158,79,161,2,105,7,1,7,12,0,1,7
159,78,163,1,80,6,-1,7,11,11,-1,6
160,79,164,1,80,7,1,7,12,0,1,7
161,76,165,1,95,4,-3,7,9,9,-1,6
162,72,166,1,80,0,-4,7,5,5,-1,5
163,71,167,2,80,11,-1,7,4,4,-1,4
164,72,169,2,105,0,1,7,5,5,1,5
165,72,171,1,80,0,0,7,5,5,0,5
166,71,172,1,80,11,-1,7,4,4,-1,4
167,72,173,1,95,0,1,7,5,5,1,5
168,74,174,1,80,2,2,7,7,7,1,6
169,76,175,1,80,4,2,7,9,9,1,7
170,78,176,1,80,6,2,7,11,11,1,8
171,79,177,3,105,7,1,7,12,0,1,9
172,79,180,1,80,7,0,7,12,0,0,9
173,81,181,3,95,9,2,7,14,2,1,10
174,81,184,1,80,9,0,7,14,2,0,10
175,83,185,2,105,11,2,7,16,4,1,11
176,83,187,1,80,11,0,7,16,4,0,11
177,81,188,1,80,9,-2,7,14,2,-1,10
178,79,189,1,95,7,-2,7,12,0,-1,9
179,76,190,1,80,4,-3,7,9,9,-1,8
180,74,191,1,80,2,-2,7,7,7,-1,7
181,71,192,1,80,11,-3,7,4,4,-1,6
182,79,193,2,105,7,8,7,12,0,1,7
183,78,195,1,80,6,-1,7,11,11,-1,6
184,79,196,1,80,7,1,7,12,0,1,7
185,76,197,1,95,4,-3,7,9,9,-1,6
186,72,198,1,80,0,-4,7,5,5,-1,5
187,72,199,0,80,0,0,7,5,5,0,5
188,71,199,1,80,11,-1,7,4,4,-1,4
189,72,201,2,105,0,1,7,5,5,1,5
190,72,203,1,80,0,0,7,5,5,0,5
191,71,204,1,80,11,-1,7,4,4,-1,4
192,72,205,1,95,0,1,7,5,5,1,5
193,74,206,1,80,2,2,7,7,7,1,6
194,76,207,1,80,4,2,7,9,9,1,7
195,78,208,1,80,6,2,7,11,11,1,8
196,79,209,2,105,7,1,7,12,0,1,9
197,78,211,1,80,6,-1,7,11,11,-1,8
198,74,212,1,80,2,-4,7,7,7,-1,7
199,76,213,1,95,4,2,7,9,9,1,8
200,72,214,1,80,0,-4,7,5,5,-1,7
201,72,215,0,80,0,0,7,5,5,0,7
202,71,215,1,80,11,-1,7,4,4,-1,6
203,76,217,1,105,4,5,7,9,9,1,7
204,81,218,1,80,9,5,7,14,2,1,8
205,83,219,0,80,11,2,7,16,4,1,9
206,81,219,1,80,9,-2,7,14,2,-1,8
207,78,221,1,95,6,-3,7,11,11,-1,7
208,74,222,1,80,2,-4,7,7,7,-1,6
209,76,223,1,80,4,2,7,9,9,1,7
210,78,224,1,80,6,2,7,11,11,1,8
211,79,225,2,105,7,1,7,12,0,1,9
212,78,227,1,80,6,-1,7,11,11,-1,8
213,79,228,1,80,7,1,7,12,0,1,9
214,76,229,1,95,4,-3,7,9,9,-1,8
215,72,230,1,80,0,-4,7,5,5,-1,7
216,71,231,2,80,11,-1,7,4,4,-1,6
217,72,233,2,105,0,1,7,5,5,1,7
218,72,235,1,80,0,0,7,5,5,0,7
219,71,236,1,80,11,-1,7,4,4,-1,6
220,72,237,1,95,0,1,7,5,5,1,7
221,74,238,1,80,2,2,7,7,7,1,8
222,76,239,1,80,4,2,7,9,9,1,9
223,78,240,1,80,6,2,7,11,11,1,10
224,79,241,3,105,7,1,7,12,0,1,11
225,79,244,1,80,7,0,7,12,0,0,11
226,81,245,3,95,9,2,7,14,2,1,12
227,81,248,1,80,9,0,7,14,2,0,12
228,83,249,2,105,11,2,7,16,4,1,13
229,83,251,1,80,11,0,7,16,4,0,13
230,81,252,1,80,9,-2,7,14,2,-1,12
231,79,253,1,95,7,-2,7,12,0,-1,11
232,76,254,1,80,4,-3,7,9,9,-1,10
233,74,255,1,80,2,-2,7,7,7,-1,9
