,midi_note,onset,duration,velocity,pitch_class,interval,root,relative_pitch,relative_pitch_class,parsons_code,parsons_cumsum
0,62,0,1,105,2,0,7,-5,7,0,0
1,67,1,2,105,7,5,7,0,0,1,1
2,76,3,1,80,4,9,7,9,9,1,2
3,74,4,1,95,2,-2,7,7,7,-1,1
4,71,5,1,80,11,-3,7,4,4,-1,0
5,67,6,1,80,7,-4,7,0,0,-1,-1
6,66,7,2,95,6,-1,7,-1,11,-1,-2
7,64,9,1,80,4,-2,7,-3,9,-1,-3
8,64,10,2,95,4,0,7,-3,9,0,-3
9,67,12,1,80,7,3,7,0,0,1,-2
10,66,13,1,105,6,-1,7,-1,11,-1,-3
11,67,14,1,80,7,1,7,0,0,1,-2
12,69,15,1,80,9,2,7,2,2,1,-1
13,62,16,1,95,2,-7,7,-5,7,-1,-2
14,64,17,1,80,4,2,7,-3,9,1,-1
15,66,18,1,80,6,2,7,-1,11,1,0
16,67,19,2,95,7,1,7,0,0,1,1
17,71,21,1,80,11,4,7,4,4,1,2
18,62,22,1,95,2,-9,7,-5,7,-1,1
19,64,23,1,80,4,2,7,-3,9,1,2
20,66,24,1,80,6,2,7,-1,11,1,3
21,67,25,2,105,7,1,7,0,0,1,4
22,76,27,1,80,4,9,7,9,9,1,5
23,74,28,1,95,2,-2,7,7,7,-1,4
24,71,29,1,80,11,-3,7,4,4,-1,3
25,67,30,1,80,7,-4,7,0,0,-1,2
26,66,31,2,95,6,-1,7,-1,11,-1,1
27,64,33,1,80,4,-2,7,-3,9,-1,0
28,64,34,2,95,4,0,7,-3,9,0,0
29,67,36,1,80,7,3,7,0,0,1,1
30,66,37,1,105,6,-1,7,-1,11,-1,0
31,67,38,1,80,7,1,7,0,0,1,1
32,69,39,1,80,9,2,7,2,2,1,2
33,62,40,1,95,2,-7,7,-5,7,-1,1
34,64,41,1,80,4,2,7,-3,9,1,2
35,66,42,1,80,6,2,7,-1,11,1,3
36,67,43,3,95,7,1,7,0,0,1,4
37,67,46,2,95,7,0,7,0,0,0,4
38,62,48,1,80,2,-5,7,-5,7,-1,3
39,67,49,2,105,7,5,7,0,0,1,4
40,76,51,1,80,4,9,7,9,9,1,5
41,74,52,1,95,2,-2,7,7,7,-1,4
42,71,53,1,80,11,-3,7,4,4,-1,3
43,67,54,1,80,7,-4,7,0,0,-1,2
44,66,55,2,95,6,-1,7,-1,11,-1,1
45,64,57,1,80,4,-2,7,-3,9,-1,0
46,64,58,2,95,4,0,7,-3,9,0,0
47,67,60,1,80,7,3,7,0,0,1,1
48,66,61,1,105,6,-1,7,-1,11,-1,0
49,67,62,1,80,7,1,7,0,0,1,1
50,69,63,1,80,9,2,7,2,2,1,2
51,62,64,1,95,2,-7,7,-5,7,-1,1
52,64,65,1,80,4,2,7,-3,9,1,2
53,66,66,1,80,6,2,7,-1,11,1,3
54,67,67,2,95,7,1,7,0,0,1,4
55,71,69,1,80,11,4,7,4,4,1,5
56,62,70,1,95,2,-9,7,-5,7,-1,4
57,64,71,1,80,4,2,7,-3,9,1,5
58,66,72,1,80,6,2,7,-1,11,1,6
59,67,73,2,105,7,1,7,0,0,1,7
60,76,75,1,80,4,9,7,9,9,1,8
61,74,76,1,95,2,-2,7,7,7,-1,7
62,71,77,1,80,11,-3,7,4,4,-1,6
63,67,78,1,80,7,-4,7,0,0,-1,5
64,66,79,2,95,6,-1,7,-1,11,-1,4
65,64,81,1,80,4,-2,7,-3,9,-1,3
66,64,82,2,95,4,0,7,-3,9,0,3
67,67,84,1,80,7,3,7,0,0,1,4
68,66,85,1,105,6,-1,7,-1,11,-1,3
69,67,86,1,80,7,1,7,0,0,1,4
70,69,87,1,80,9,2,7,2,2,1,5
71,62,88,1,95,2,-7,7,-5,7,-1,4
72,64,89,1,80,4,2,7,-3,9,1,5
73,66,90,1,80,6,2,7,-1,11,1,6
74,67,91,3,95,7,1,7,0,0,1,7
75,67,94,2,95,7,0,7,0,0,0,7
76,71,96,1,80,11,4,7,4,4,1,8
77,74,97,2,105,2,3,7,7,7,1,9
78,71,99,1,80,11,-3,7,4,4,-1,8
79,79,100,2,95,7,8,7,12,0,1,9
80,71,102,1,80,11,-8,7,4,4,-1,8
81,74,103,2,95,2,3,7,7,7,1,9
82,72,105,1,80,0,-2,7,5,5,-1,8
83,69,106,2,95,9,-3,7,2,2,-1,7
84,71,108,1,80,11,2,7,4,4,1,8
85,72,109,1,105,0,1,7,5,5,1,9
86,71,110,1,80,11,-1,7,4,4,-1,8
87,69,111,1,80,9,-2,7,2,2,-1,7
88,76,112,1,95,4,7,7,9,9,1,8
89,78,113,1,80,6,2,7,11,11,1,9
90,76,114,1,80,4,-2,7,9,9,-1,8
91,74,115,2,95,2,-2,7,7,7,-1,7
92,71,117,1,80,11,-3,7,4,4,-1,6
93,67,118,2,95,7,-4,7,0,0,-1,5
94,71,120,1,80,11,4,7,4,4,1,6
95,74,121,2,105,2,3,7,7,7,1,7
96,71,123,1,80,11,-3,7,4,4,-1,6
97,79,124,2,95,7,8,7,12,0,1,7
98,71,126,1,80,11,-8,7,4,4,-1,6
99,74,127,2,95,2,3,7,7,7,1,7
100,72,129,1,80,0,-2,7,5,5,-1,6
101,69,130,2,95,9,-3,7,2,2,-1,5
102,79,132,1,80,7,10,7,12,0,1,6
103,78,133,1,105,6,-1,7,11,11,-1,5
104,76,134,1,80,4,-2,7,9,9,-1,4
105,74,135,1,80,2,-2,7,7,7,-1,3
106,72,136,1,95,0,-2,7,5,5,-1,2
107,71,137,1,80,11,-1,7,4,4,-1,1
108,69,138,1,80,9,-2,7,2,2,-1,0
109,67,139,3,95,7,-2,7,0,0,-1,-1
110,67,142,2,95,7,0,7,0,0,0,-1
111,71,144,1,80,11,4,7,4,4,1,0
112,74,145,2,105,2,3,7,7,7,1,1
113,71,147,1,80,11,-3,7,4,4,-1,0
114,79,148,2,95,7,8,7,12,0,1,1
115,71,150,1,80,11,-8,7,4,4,-1,0
116,74,151,2,95,2,3,7,7,7,1,1
117,72,153,1,80,0,-2,7,5,5,-1,0
118,69,154,2,95,9,-3,7,2,2,-1,-1
119,71,156,1,80,11,2,7,4,4,1,0
120,72,157,1,105,0,1,7,5,5,1,1
121,71,158,1,80,11,-1,7,4,4,-1,0
122,69,159,1,80,9,-2,7,2,2,-1,-1
123,76,160,1,95,4,7,7,9,9,1,0
124,78,161,1,80,6,2,7,11,11,1,1
125,76,162,1,80,4,-2,7,9,9,-1,0
126,74,163,2,95,2,-2,7,7,7,-1,-1
127,71,165,1,80,11,-3,7,4,4,-1,-2
128,67,166,2,95,7,-4,7,0,0,-1,-3
129,71,168,1,80,11,4,7,4,4,1,-2
130,74,169,2,105,2,3,7,7,7,1,-1
131,71,171,1,80,11,-3,7,4,4,-1,-2
132,79,172,2,95,7,8,7,12,0,1,-1
133,71,174,1,80,11,-8,7,4,4,-1,-2
134,74,175,2,95,2,3,7,7,7,1,-1
135,72,177,1,80,0,-2,7,5,5,-1,-2
136,69,178,2,95,9,-3,7,2,2,-1,-3
137,79,180,1,80,7,10,7,12,0,1,-2
138,78,181,1,105,6,-1,7,11,11,-1,-3
139,76,182,1,80,4,-2,7,9,9,-1,-4
140,74,183,1,80,2,-2,7,7,7,-1,-5
141,72,184,1,95,0,-2,7,5,5,-1,-6
142,71,185,1,80,11,-1,7,4,4,-1,-7
143,69,186,1,80,9,-2,7,2,2,-1,-8
144,67,187,3,95,7,-2,7,0,0,-1,-9
145,79,190,3,95,7,12,7,12,0,1,-8
146,78,193,1,105,6,-1,7,11,11,-1,-9
147,76,194,1,80,4,-2,7,9,9,-1,-10
148,74,195,1,80,2,-2,7,7,7,-1,-11
149,72,196,2,95,0,-2,7,5,5,-1,-12
150,76,198,1,80,4,4,7,9,9,1,-11
151,74,199,1,95,2,-2,7,7,7,-1,-12
152,72,200,0,80,0,-2,7,5,5,-1,-13
153,74,200,0,80,2,2,7,7,7,1,-12
154,72,201,1,80,0,-2,7,5,5,-1,-13
155,71,202,2,95,11,-1,7,4,4,-1,-14
156,74,204,1,80,2,3,7,7,7,1,-13
157,78,205,1,105,6,4,7,11,11,1,-12
158,76,206,1,80,4,-2,7,9,9,-1,-13
159,74,207,1,80,2,-2,7,7,7,-1,-14
160,72,208,1,95,0,-2,7,5,5,-1,-15
161,71,209,1,80,11,-1,7,4,4,-1,-16
162,69,210,1,80,9,-2,7,2,2,-1,-17
163,67,211,2,95,7,-2,7,0,0,-1,-18
164,69,213,1,80,9,2,7,2,2,1,-17
165,71,214,2,95,11,2,7,4,4,1,-16
166,74,216,1,80,2,3,7,7,7,1,-15
167,78,217,1,105,6,4,7,11,11,1,-14
168,76,218,1,80,4,-2,7,9,9,-1,-15
169,74,219,1,80,2,-2,7,7,7,-1,-16
170,72,220,2,95,0,-2,7,5,5,-1,-17
171,76,222,1,80,4,4,7,9,9,1,-16
172,74,223,1,95,2,-2,7,7,7,-1,-17
173,72,224,0,80,0,-2,7,5,5,-1,-18
174,74,224,0,80,2,2,7,7,7,1,-17
175,72,225,1,80,0,-2,7,5,5,-1,-18
176,71,226,2,95,11,-1,7,4,4,-1,-19
177,74,228,1,80,2,3,7,7,7,1,-18
178,78,229,1,105,6,4,7,11,11,1,-17
179,76,230,1,80,4,-2,7,9,9,-1,-18
180,74,231,1,80,2,-2,7,7,7,-1,-19
181,72,232,1,95,0,-2,7,5,5,-1,-20
182,71,233,1,80,11,-1,7,4,4,-1,-21
183,69,234,1,80,9,-2,7,2,2,-1,-22
184,67,235,3,95,7,-2,7,0,0,-1,-23
185,79,238,3,95,7,12,7,12,0,1,-22
186,78,241,1,105,6,-1,7,11,11,-1,-23
187,76,242,1,80,4,-2,7,9,9,-1,-24
188,74,243,1,80,2,-2,7,7,7,-1,-25
189,72,244,2,95,0,-2,7,5,5,-1,-26
190,76,246,1,80,4,4,7,9,9,1,-25
191,74,247,1,95,2,-2,7,7,7,-1,-26
192,72,248,0,80,0,-2,7,5,5,-1,-27
193,74,248,0,80,2,2,7,7,7,1,-26
194,72,249,1,80,0,-2,7,5,5,-1,-27
195,71,250,2,95,11,-1,7,4,4,-1,-28
196,74,252,1,80,2,3,7,7,7,1,-27
197,78,253,1,105,6,4,7,11,11,1,-26
198,76,254,1,80,4,-2,7,9,9,-1,-27
199,74,255,1,80,2,-2,7,7,7,-1,-28
200,72,256,1,95,0,-2,7,5,5,-1,-29
201,71,257,1,80,11,-1,7,4,4,-1,-30
202,69,258,1,80,9,-2,7,2,2,-1,-31
203,67,259,2,95,7,-2,7,0,0,-1,-32
204,69,261,1,80,9,2,7,2,2,1,-31
205,71,262,2,95,11,2,7,4,4,1,-30
206,74,264,1,80,2,3,7,7,7,1,-29
207,78,265,1,105,6,4,7,11,11,1,-28
208,76,266,1,80,4,-2,7,9,9,-1,-29
209,74,267,1,80,2,-2,7,7,7,-1,-30
210,72,268,2,95,0,-2,7,5,5,-1,-31
211,76,270,1,80,4,4,7,9,9,1,-30
212,74,271,1,95,2,-2,7,7,7,-1,-31
213,72,272,0,80,0,-2,7,5,5,-1,-32
214,74,272,0,80,2,2,7,7,7,1,-31
215,72,273,1,80,0,-2,7,5,5,-1,-32
216,71,274,2,95,11,-1,7,4,4,-1,-33
217,74,276,1,80,2,3,7,7,7,1,-32
218,78,277,1,105,6,4,7,11,11,1,-31
219,76,278,1,80,4,-2,7,9,9,-1,-32
220,74,279,1,80,2,-2,7,7,7,-1,-33
221,72,280,1,95,0,-2,7,5,5,-1,-34
222,71,281,1,80,11,-1,7,4,4,-1,-35
223,69,282,1,80,9,-2,7,2,2,-1,-36
224,67,283,3,95,7,-2,7,0,0,-1,-37
225,62,286,2,95,2,-5,7,-5,7,-1,-38
226,64,288,0,80,4,2,7,-3,9,1,-37
227,66,288,0,80,6,2,7,-1,11,1,-36
228,67,289,12,105,7,1,7,0,0,1,-35
