,midi_note,onset,duration,velocity,pitch_class,interval,root,relative_pitch,relative_pitch_class,parsons_code,parsons_cumsum
0,71,0,1,105,11,0,4,7,7,0,0
1,74,1,1,80,2,3,4,10,10,1,1
2,76,2,2,105,4,2,4,12,0,1,2
3,76,4,1,80,4,0,4,12,0,0,2
4,79,5,1,80,7,3,4,15,3,1,3
5,76,6,1,95,4,-3,4,12,0,-1,2
6,74,7,1,80,2,-2,4,10,10,-1,1
7,71,8,1,80,11,-3,4,7,7,-1,0
8,74,9,1,80,2,3,4,10,10,1,1
9,76,10,1,105,4,2,4,12,0,1,2
10,74,11,1,80,2,-2,4,10,10,-1,1
11,76,12,1,80,4,2,4,12,0,1,2
12,79,13,1,80,7,3,4,15,3,1,3
13,74,14,1,95,2,-5,4,10,10,-1,2
14,67,15,1,80,7,-7,4,3,3,-1,1
15,71,16,1,80,11,4,4,7,7,1,2
16,74,17,1,80,2,3,4,10,10,1,3
17,76,18,2,105,4,2,4,12,0,1,4
18,76,20,1,80,4,0,4,12,0,0,4
19,79,21,1,80,7,3,4,15,3,1,5
20,76,22,1,95,4,-3,4,12,0,-1,4
21,74,23,1,80,2,-2,4,10,10,-1,3
22,71,24,0,80,11,-3,4,7,7,-1,2
23,73,24,0,80,1,2,4,9,9,1,3
24,74,25,0,80,2,1,4,10,10,1,4
25,76,26,1,105,4,2,4,12,0,1,5
26,74,27,1,80,2,-2,4,10,10,-1,4
27,79,28,1,80,7,5,4,15,3,1,5
28,76,29,1,80,4,-3,4,12,0,-1,4
29,74,30,1,95,2,-2,4,10,10,-1,3
30,67,31,1,80,7,-7,4,3,3,-1,2
31,71,32,1,80,11,4,4,7,7,1,3
32,74,33,1,80,2,3,4,10,10,1,4
33,76,34,2,105,4,2,4,12,0,1,5
34,79,37,1,80,7,3,4,15,3,1,6
35,76,38,1,95,4,-3,4,12,0,-1,5
36,74,39,1,80,2,-2,4,10,10,-1,4
37,71,40,1,80,11,-3,4,7,7,-1,3
38,74,41,1,80,2,3,4,10,10,1,4
39,76,42,1,105,4,2,4,12,0,1,5
40,74,43,1,80,2,-2,4,10,10,-1,4
41,76,44,1,80,4,2,4,12,0,1,5
42,79,45,1,80,7,3,4,15,3,1,6
43,74,46,1,95,2,-5,4,10,10,-1,5
44,67,47,1,80,7,-7,4,3,3,-1,4
45,71,48,1,80,11,4,4,7,7,1,5
46,74,49,1,80,2,3,4,10,10,1,6
47,76,50,2,105,4,2,4,12,0,1,7
48,76,52,1,80,4,0,4,12,0,0,7
49,79,53,1,80,7,3,4,15,3,1,8
50,76,54,1,95,4,-3,4,12,0,-1,7
51,74,55,1,80,2,-2,4,10,10,-1,6
52,71,56,1,80,11,-3,4,7,7,-1,5
53,74,57,1,80,2,3,4,10,10,1,6
54,76,58,1,105,4,2,4,12,0,1,7
55,74,59,1,80,2,-2,4,10,10,-1,6
56,79,60,1,80,7,5,4,15,3,1,7
57,76,61,1,80,4,-3,4,12,0,-1,6
58,74,62,1,95,2,-2,4,10,10,-1,5
59,67,63,1,80,7,-7,4,3,3,-1,4
60,71,64,1,80,11,4,4,7,7,1,5
61,74,65,1,80,2,3,4,10,10,1,6
62,76,66,1,105,4,2,4,12,0,1,7
63,69,67,1,80,9,-7,4,5,5,-1,6
64,69,68,2,80,9,0,4,5,5,0,6
65,69,70,2,95,9,0,4,5,5,0,6
66,71,72,1,80,11,2,4,7,7,1,7
67,74,73,1,80,2,3,4,10,10,1,8
68,76,74,1,105,4,2,4,12,0,1,9
69,69,75,1,80,9,-7,4,5,5,-1,8
70,69,76,2,80,9,0,4,5,5,0,8
71,67,78,1,95,7,-2,4,3,3,-1,7
72,69,79,1,80,9,2,4,5,5,1,8
73,71,80,1,80,11,2,4,7,7,1,9
74,74,81,1,80,2,3,4,10,10,1,10
75,76,82,1,105,4,2,4,12,0,1,11
76,69,83,1,80,9,-7,4,5,5,-1,10
77,69,84,2,80,9,0,4,5,5,0,10
78,69,86,2,95,9,0,4,5,5,0,10
79,71,88,1,80,11,2,4,7,7,1,11
80,74,89,1,80,2,3,4,10,10,1,12
81,76,90,1,105,4,2,4,12,0,1,13
82,74,91,1,80,2,-2,4,10,10,-1,12
83,79,92,1,80,7,5,4,15,3,1,13
84,76,93,1,80,4,-3,4,12,0,-1,12
85,74,94,1,95,2,-2,4,10,10,-1,11
86,67,95,1,80,7,-7,4,3,3,-1,10
87,71,96,1,80,11,4,4,7,7,1,11
88,74,97,1,80,2,3,4,10,10,1,12
89,76,98,1,105,4,2,4,12,0,1,13
90,69,99,1,80,9,-7,4,5,5,-1,12
91,69,100,2,80,9,0,4,5,5,0,12
92,69,102,2,95,9,0,4,5,5,0,12
93,71,104,1,80,11,2,4,7,7,1,13
94,74,105,1,80,2,3,4,10,10,1,14
95,76,106,1,105,4,2,4,12,0,1,15
96,69,107,1,80,9,-7,4,5,5,-1,14
97,69,108,2,80,9,0,4,5,5,0,14
98,67,110,1,95,7,-2,4,3,3,-1,13
99,69,111,1,80,9,2,4,5,5,1,14
100,71,112,1,80,11,2,4,7,7,1,15
101,74,113,1,80,2,3,4,10,10,1,16
102,76,114,1,105,4,2,4,12,0,1,17
103,69,115,1,80,9,-7,4,5,5,-1,16
104,69,116,2,80,9,0,4,5,5,0,16
105,69,118,2,95,9,0,4,5,5,0,16
106,71,120,1,80,11,2,4,7,7,1,17
107,74,121,1,80,2,3,4,10,10,1,18
108,76,122,1,105,4,2,4,12,0,1,19
109,74,123,1,80,2,-2,4,10,10,-1,18
110,79,124,1,80,7,5,4,15,3,1,19
111,76,125,1,80,4,-3,4,12,0,-1,18
112,74,126,1,95,2,-2,4,10,10,-1,17
113,67,127,1,80,7,-7,4,3,3,-1,16
114,71,128,1,80,11,4,4,7,7,1,17
115,74,129,1,80,2,3,4,10,10,1,18
116,76,130,1,105,4,2,4,12,0,1,19
117,81,131,1,80,9,5,4,17,5,1,20
118,81,132,1,80,9,0,4,17,5,0,20
119,78,133,1,80,6,-3,4,14,2,-1,19
120,79,134,2,95,7,1,4,15,3,1,20
121,78,136,1,80,6,-1,4,14,2,-1,19
122,79,137,1,80,7,1,4,15,3,1,20
123,76,138,1,105,4,-3,4,12,0,-1,19
124,81,139,1,80,9,5,4,17,5,1,20
125,81,140,2,80,9,0,4,17,5,0,20
126,71,142,1,95,11,-10,4,7,7,-1,19
127,69,143,1,80,9,-2,4,5,5,-1,18
128,71,144,0,80,11,2,4,7,7,1,19
129,72,144,0,80,0,1,4,8,8,1,20
130,74,145,0,80,2,2,4,10,10,1,21
131,76,146,1,105,4,2,4,12,0,1,22
132,81,147,1,80,9,5,4,17,5,1,23
133,81,148,1,80,9,0,4,17,5,0,23
134,78,149,1,80,6,-3,4,14,2,-1,22
135,79,150,2,95,7,1,4,15,3,1,23
136,78,152,1,80,6,-1,4,14,2,-1,22
137,79,153,1,80,7,1,4,15,3,1,23
138,76,154,1,105,4,-3,4,12,0,-1,22
139,74,155,1,80,2,-2,4,10,10,-1,21
140,79,156,1,80,7,5,4,15,3,1,22
141,76,157,1,80,4,-3,4,12,0,-1,21
142,74,158,1,95,2,-2,4,10,10,-1,20
143,67,159,1,80,7,-7,4,3,3,-1,19
144,71,160,1,80,11,4,4,7,7,1,20
145,74,161,1,80,2,3,4,10,10,1,21
146,76,162,1,105,4,2,4,12,0,1,22
147,81,163,1,80,9,5,4,17,5,1,23
148,81,164,1,80,9,0,4,17,5,0,23
149,78,165,1,80,6,-3,4,14,2,-1,22
150,79,166,2,95,7,1,4,15,3,1,23
151,78,168,1,80,6,-1,4,14,2,-1,22
152,79,169,1,80,7,1,4,15,3,1,23
153,76,170,1,105,4,-3,4,12,0,-1,22
154,81,171,1,80,9,5,4,17,5,1,23
155,81,172,2,80,9,0,4,17,5,0,23
156,71,174,1,95,11,-10,4,7,7,-1,22
157,69,175,1,80,9,-2,4,5,5,-1,21
158,71,176,1,80,11,2,4,7,7,1,22
159,74,177,1,80,2,3,4,10,10,1,23
160,76,178,1,105,4,2,4,12,0,1,24
161,81,179,1,80,9,5,4,17,5,1,25
162,81,180,1,80,9,0,4,17,5,0,25
163,78,181,1,80,6,-3,4,14,2,-1,24
164,79,182,2,95,7,1,4,15,3,1,25
165,78,184,1,80,6,-1,4,14,2,-1,24
166,79,185,1,80,7,1,4,15,3,1,25
167,76,186,1,105,4,-3,4,12,0,-1,24
168,74,187,1,80,2,-2,4,10,10,-1,23
169,79,188,1,80,7,5,4,15,3,1,24
170,76,189,1,80,4,-3,4,12,0,-1,23
171,74,190,1,95,2,-2,4,10,10,-1,22
172,67,191,1,80,7,-7,4,3,3,-1,21
173,71,192,1,80,11,4,4,7,7,1,22
174,74,193,1,80,2,3,4,10,10,1,23
