,midi_note,onset,duration,velocity,pitch_class,interval,root,relative_pitch,relative_pitch_class,parsons_code,parsons_cumsum
0,81,0,1,105,9,0,9,12,0,0,0
1,83,1,1,80,11,2,9,14,2,1,1
2,81,2,1,80,9,-2,9,12,0,-1,0
3,79,3,1,80,7,-2,9,10,10,-1,-1
4,76,4,1,95,4,-3,9,7,7,-1,-2
5,74,5,1,80,2,-2,9,5,5,-1,-3
6,74,6,2,80,2,0,9,5,5,0,-3
7,73,8,1,105,1,-1,9,4,4,-1,-4
8,74,9,1,80,2,1,9,5,5,1,-3
9,76,10,1,80,4,2,9,7,7,1,-2
10,78,11,1,80,6,2,9,9,9,1,-1
11,79,12,1,95,7,1,9,10,10,1,0
12,78,13,1,80,6,-1,9,9,9,-1,-1
13,79,14,2,80,7,1,9,10,10,1,0
14,81,16,2,105,9,2,9,12,0,1,1
15,79,18,1,80,7,-2,9,10,10,-1,0
16,81,19,1,80,9,2,9,12,0,1,1
17,76,20,1,95,4,-5,9,7,7,-1,0
18,74,21,1,80,2,-2,9,5,5,-1,-1
19,74,22,2,80,2,0,9,5,5,0,-1
20,71,24,1,105,11,-3,9,2,2,-1,-2
21,74,25,1,80,2,3,9,5,5,1,-1
22,79,26,1,80,7,5,9,10,10,1,0
23,74,27,1,80,2,-5,9,5,5,-1,-1
24,71,28,1,95,11,-3,9,2,2,-1,-2
25,69,29,1,80,9,-2,9,0,0,-1,-3
26,69,30,2,80,9,0,9,0,0,0,-3
27,69,32,2,105,9,0,9,0,0,0,-3
28,81,34,2,80,9,12,9,12,0,1,-2
29,76,36,1,95,4,-5,9,7,7,-1,-3
30,74,37,1,80,2,-2,9,5,5,-1,-4
31,76,38,0,80,4,2,9,7,7,1,-3
32,74,38,1,80,2,-2,9,5,5,-1,-4
33,73,40,1,105,1,-1,9,4,4,-1,-5
34,74,41,1,80,2,1,9,5,5,1,-4
35,76,42,1,80,4,2,9,7,7,1,-3
36,78,43,1,80,6,2,9,9,9,1,-2
37,79,44,1,95,7,1,9,10,10,1,-1
38,78,45,1,80,6,-1,9,9,9,-1,-2
39,79,46,2,80,7,1,9,10,10,1,-1
40,83,48,0,105,11,4,9,14,2,1,0
41,81,48,1,80,9,-2,9,12,0,-1,-1
42,79,50,1,80,7,-2,9,10,10,-1,-2
43,81,51,1,80,9,2,9,12,0,1,-1
44,76,52,1,95,4,-5,9,7,7,-1,-2
45,74,53,1,80,2,-2,9,5,5,-1,-3
46,76,54,0,80,4,2,9,7,7,1,-2
47,74,54,1,80,2,-2,9,5,5,-1,-3
48,71,56,1,105,11,-3,9,2,2,-1,-4
49,74,57,1,80,2,3,9,5,5,1,-3
50,79,58,1,80,7,5,9,10,10,1,-2
51,74,59,1,80,2,-5,9,5,5,-1,-3
52,71,60,1,95,11,-3,9,2,2,-1,-4
53,69,61,1,80,9,-2,9,0,0,-1,-5
54,71,62,0,80,11,2,9,2,2,1,-4
55,69,62,1,80,9,-2,9,0,0,-1,-5
56,81,64,1,105,9,12,9,12,0,1,-4
57,83,65,1,80,11,2,9,14,2,1,-3
58,81,66,1,80,9,-2,9,12,0,-1,-4
59,79,67,1,80,7,-2,9,10,10,-1,-5
60,76,68,1,95,4,-3,9,7,7,-1,-6
61,74,69,1,80,2,-2,9,5,5,-1,-7
62,74,70,2,80,2,0,9,5,5,0,-7
63,73,72,1,105,1,-1,9,4,4,-1,-8
64,74,73,1,80,2,1,9,5,5,1,-7
65,76,74,1,80,4,2,9,7,7,1,-6
66,78,75,1,80,6,2,9,9,9,1,-5
67,79,76,1,95,7,1,9,10,10,1,-4
68,78,77,1,80,6,-1,9,9,9,-1,-5
69,79,78,2,80,7,1,9,10,10,1,-4
70,81,80,2,105,9,2,9,12,0,1,-3
71,79,82,1,80,7,-2,9,10,10,-1,-4
72,81,83,1,80,9,2,9,12,0,1,-3
73,76,84,1,95,4,-5,9,7,7,-1,-4
74,74,85,1,80,2,-2,9,5,5,-1,-5
75,74,86,2,80,2,0,9,5,5,0,-5
76,71,88,1,105,11,-3,9,2,2,-1,-6
77,74,89,1,80,2,3,9,5,5,1,-5
78,79,90,1,80,7,5,9,10,10,1,-4
79,74,91,1,80,2,-5,9,5,5,-1,-5
80,71,92,1,95,11,-3,9,2,2,-1,-6
81,69,93,1,80,9,-2,9,0,0,-1,-7
82,69,94,2,80,9,0,9,0,0,0,-7
83,69,96,2,105,9,0,9,0,0,0,-7
84,81,98,2,80,9,12,9,12,0,1,-6
85,76,100,1,95,4,-5,9,7,7,-1,-7
86,74,101,1,80,2,-2,9,5,5,-1,-8
87,76,102,0,80,4,2,9,7,7,1,-7
88,74,102,1,80,2,-2,9,5,5,-1,-8
89,73,104,1,105,1,-1,9,4,4,-1,-9
90,74,105,1,80,2,1,9,5,5,1,-8
91,76,106,1,80,4,2,9,7,7,1,-7
92,78,107,1,80,6,2,9,9,9,1,-6
93,79,108,1,95,7,1,9,10,10,1,-5
94,78,109,1,80,6,-1,9,9,9,-1,-6
95,79,110,2,80,7,1,9,10,10,1,-5
96,83,112,0,105,11,4,9,14,2,1,-4
97,81,112,1,80,9,-2,9,12,0,-1,-5
98,79,114,1,80,7,-2,9,10,10,-1,-6
99,81,115,1,80,9,2,9,12,0,1,-5
100,76,116,1,95,4,-5,9,7,7,-1,-6
101,74,117,1,80,2,-2,9,5,5,-1,-7
102,76,118,0,80,4,2,9,7,7,1,-6
103,74,118,1,80,2,-2,9,5,5,-1,-7
104,71,120,1,105,11,-3,9,2,2,-1,-8
105,74,121,1,80,2,3,9,5,5,1,-7
106,79,122,1,80,7,5,9,10,10,1,-6
107,74,123,1,80,2,-5,9,5,5,-1,-7
108,71,124,1,95,11,-3,9,2,2,-1,-8
109,69,125,1,80,9,-2,9,0,0,-1,-9
110,71,126,0,80,11,2,9,2,2,1,-8
111,69,126,1,80,9,-2,9,0,0,-1,-9
112,69,128,2,105,9,0,9,0,0,0,-9
113,81,130,2,80,9,12,9,12,0,1,-8
114,72,132,1,95,0,-9,9,3,3,-1,-9
115,81,133,1,80,9,9,9,12,0,1,-8
116,83,134,1,80,11,2,9,14,2,1,-7
117,81,135,1,80,9,-2,9,12,0,-1,-8
118,79,136,1,105,7,-2,9,10,10,-1,-9
119,76,137,1,80,4,-3,9,7,7,-1,-10
120,77,138,0,80,5,1,9,8,8,1,-9
121,76,138,1,80,4,-1,9,7,7,-1,-10
122,79,140,1,95,7,3,9,10,10,1,-9
123,76,141,1,80,4,-3,9,7,7,-1,-10
124,83,142,1,80,11,7,9,14,2,1,-9
125,76,143,1,80,4,-7,9,7,7,-1,-10
126,81,144,2,105,9,5,9,12,0,1,-9
127,81,146,1,80,9,0,9,12,0,0,-9
128,79,147,1,80,7,-2,9,10,10,-1,-10
129,81,148,1,95,9,2,9,12,0,1,-9
130,84,149,1,80,0,3,9,15,3,1,-8
131,83,150,1,80,11,-1,9,14,2,-1,-9
132,81,151,1,80,9,-2,9,12,0,-1,-10
133,79,152,1,105,7,-2,9,10,10,-1,-11
134,76,153,1,80,4,-3,9,7,7,-1,-12
135,74,154,1,80,2,-2,9,5,5,-1,-13
136,76,155,1,80,4,2,9,7,7,1,-12
137,72,156,1,95,0,-4,9,3,3,-1,-13
138,69,157,1,80,9,-3,9,0,0,-1,-14
139,71,158,0,80,11,2,9,2,2,1,-13
140,69,158,1,80,9,-2,9,0,0,-1,-14
141,69,160,2,105,9,0,9,0,0,0,-14
142,81,162,2,80,9,12,9,12,0,1,-13
143,72,164,1,95,0,-9,9,3,3,-1,-14
144,81,165,1,80,9,9,9,12,0,1,-13
145,83,166,1,80,11,2,9,14,2,1,-12
146,81,167,1,80,9,-2,9,12,0,-1,-13
147,79,168,2,105,7,-2,9,10,10,-1,-14
148,81,170,1,80,9,2,9,12,0,1,-13
149,83,171,1,80,11,2,9,14,2,1,-12
150,79,172,1,95,7,-4,9,10,10,-1,-13
151,76,173,1,80,4,-3,9,7,7,-1,-14
152,76,174,1,80,4,0,9,7,7,0,-14
153,81,175,1,80,9,5,9,12,0,1,-13
154,84,176,2,105,0,3,9,15,3,1,-12
155,81,178,1,80,9,-3,9,12,0,-1,-13
156,83,179,1,80,11,2,9,14,2,1,-12
157,81,180,1,95,9,-2,9,12,0,-1,-13
158,79,181,1,80,7,-2,9,10,10,-1,-14
159,81,182,1,80,9,2,9,12,0,1,-13
160,83,183,1,80,11,2,9,14,2,1,-12
161,79,184,1,105,7,-4,9,10,10,-1,-13
162,76,185,1,80,4,-3,9,7,7,-1,-14
163,74,186,1,80,2,-2,9,5,5,-1,-15
164,71,187,1,80,11,-3,9,2,2,-1,-16
165,69,188,2,95,9,-2,9,0,0,-1,-17
166,81,190,2,80,9,12,9,12,0,1,-16
167,69,192,2,105,9,-12,9,0,0,-1,-17
168,81,194,2,80,9,12,9,12,0,1,-16
169,72,196,1,95,0,-9,9,3,3,-1,-17
170,81,197,1,80,9,9,9,12,0,1,-16
171,83,198,1,80,11,2,9,14,2,1,-15
172,81,199,1,80,9,-2,9,12,0,-1,-16
173,79,200,1,105,7,-2,9,10,10,-1,-17
174,76,201,1,80,4,-3,9,7,7,-1,-18
175,77,202,0,80,5,1,9,8,8,1,-17
176,76,202,1,80,4,-1,9,7,7,-1,-18
177,79,204,1,95,7,3,9,10,10,1,-17
178,76,205,1,80,4,-3,9,7,7,-1,-18
179,83,206,1,80,11,7,9,14,2,1,-17
180,76,207,1,80,4,-7,9,7,7,-1,-18
181,81,208,2,105,9,5,9,12,0,1,-17
182,81,210,1,80,9,0,9,12,0,0,-17
183,79,211,1,80,7,-2,9,10,10,-1,-18
184,81,212,1,95,9,2,9,12,0,1,-17
185,84,213,1,80,0,3,9,15,3,1,-16
186,83,214,1,80,11,-1,9,14,2,-1,-17
187,81,215,1,80,9,-2,9,12,0,-1,-18
188,79,216,1,105,7,-2,9,10,10,-1,-19
189,76,217,1,80,4,-3,9,7,7,-1,-20
190,74,218,1,80,2,-2,9,5,5,-1,-21
191,76,219,1,80,4,2,9,7,7,1,-20
192,72,220,1,95,0,-4,9,3,3,-1,-21
193,69,221,1,80,9,-3,9,0,0,-1,-22
194,71,222,0,80,11,2,9,2,2,1,-21
195,69,222,1,80,9,-2,9,0,0,-1,-22
196,69,224,2,105,9,0,9,0,0,0,-22
197,81,226,2,80,9,12,9,12,0,1,-21
198,72,228,1,95,0,-9,9,3,3,-1,-22
199,81,229,1,80,9,9,9,12,0,1,-21
200,83,230,1,80,11,2,9,14,2,1,-20
201,81,231,1,80,9,-2,9,12,0,-1,-21
202,79,232,2,105,7,-2,9,10,10,-1,-22
203,81,234,1,80,9,2,9,12,0,1,-21
204,83,235,1,80,11,2,9,14,2,1,-20
205,79,236,1,95,7,-4,9,10,10,-1,-21
206,76,237,1,80,4,-3,9,7,7,-1,-22
207,76,238,1,80,4,0,9,7,7,0,-22
208,81,239,1,80,9,5,9,12,0,1,-21
209,84,240,2,105,0,3,9,15,3,1,-20
210,81,242,1,80,9,-3,9,12,0,-1,-21
211,83,243,1,80,11,2,9,14,2,1,-20
212,81,244,1,95,9,-2,9,12,0,-1,-21
213,79,245,1,80,7,-2,9,10,10,-1,-22
214,81,246,1,80,9,2,9,12,0,1,-21
215,83,247,1,80,11,2,9,14,2,1,-20
216,79,248,1,105,7,-4,9,10,10,-1,-21
217,76,249,1,80,4,-3,9,7,7,-1,-22
218,74,250,1,80,2,-2,9,5,5,-1,-23
219,71,251,1,80,11,-3,9,2,2,-1,-24
220,76,252,1,95,4,5,9,7,7,1,-23
221,81,253,1,80,9,5,9,12,0,1,-22
222,81,254,1,80,9,0,9,12,0,0,-22
223,79,255,1,80,7,-2,9,10,10,-1,-23
