,midi_note,onset,duration,velocity,pitch_class,interval,root,relative_pitch,relative_pitch_class,parsons_code,parsons_cumsum
0,69,0,1,105,9,0,2,7,7,0,0
1,74,1,1,105,2,5,2,12,0,1,1
2,69,2,0,80,9,-5,2,7,7,-1,0
3,74,2,0,80,2,5,2,12,0,1,1
4,76,3,1,80,4,2,2,14,2,1,2
5,74,4,1,80,2,-2,2,12,0,-1,1
6,72,5,1,105,0,-2,2,10,10,-1,0
7,69,6,1,80,9,-3,2,7,7,-1,-1
8,69,7,2,80,9,0,2,7,7,0,-1
9,74,9,1,105,2,5,2,12,0,1,0
10,69,10,0,80,9,-5,2,7,7,-1,-1
11,74,10,0,80,2,5,2,12,0,1,0
12,76,11,1,80,4,2,2,14,2,1,1
13,78,12,1,80,6,2,2,16,4,1,2
14,79,13,2,105,7,1,2,17,5,1,3
15,78,15,1,80,6,-1,2,16,4,-1,2
16,76,16,1,80,4,-2,2,14,2,-1,1
17,74,17,1,105,2,-2,2,12,0,-1,0
18,69,18,0,80,9,-5,2,7,7,-1,-1
19,74,18,0,80,2,5,2,12,0,1,0
20,76,19,1,80,4,2,2,14,2,1,1
21,74,20,1,80,2,-2,2,12,0,-1,0
22,72,21,1,105,0,-2,2,10,10,-1,-1
23,69,22,1,80,9,-3,2,7,7,-1,-2
24,69,23,2,80,9,0,2,7,7,0,-2
25,78,25,0,105,6,9,2,16,4,1,-1
26,79,25,0,80,7,1,2,17,5,1,0
27,81,26,1,80,9,2,2,19,7,1,1
28,79,27,1,80,7,-2,2,17,5,-1,0
29,76,28,1,80,4,-3,2,14,2,-1,-1
30,74,29,2,105,2,-2,2,12,0,-1,-2
31,74,31,1,80,2,0,2,12,0,0,-2
32,69,32,1,80,9,-5,2,7,7,-1,-3
33,74,33,1,105,2,5,2,12,0,1,-2
34,69,34,0,80,9,-5,2,7,7,-1,-3
35,74,34,0,80,2,5,2,12,0,1,-2
36,76,35,1,80,4,2,2,14,2,1,-1
37,74,36,1,80,2,-2,2,12,0,-1,-2
38,72,37,1,105,0,-2,2,10,10,-1,-3
39,69,38,1,80,9,-3,2,7,7,-1,-4
40,69,39,2,80,9,0,2,7,7,0,-4
41,74,41,1,105,2,5,2,12,0,1,-3
42,69,42,0,80,9,-5,2,7,7,-1,-4
43,74,42,0,80,2,5,2,12,0,1,-3
44,76,43,1,80,4,2,2,14,2,1,-2
45,78,44,1,80,6,2,2,16,4,1,-1
46,79,45,2,105,7,1,2,17,5,1,0
47,78,47,1,80,6,-1,2,16,4,-1,-1
48,76,48,1,80,4,-2,2,14,2,-1,-2
49,74,49,1,105,2,-2,2,12,0,-1,-3
50,69,50,0,80,9,-5,2,7,7,-1,-4
51,74,50,0,80,2,5,2,12,0,1,-3
52,76,51,1,80,4,2,2,14,2,1,-2
53,74,52,1,80,2,-2,2,12,0,-1,-3
54,72,53,1,105,0,-2,2,10,10,-1,-4
55,69,54,1,80,9,-3,2,7,7,-1,-5
56,69,55,2,80,9,0,2,7,7,0,-5
57,78,57,0,105,6,9,2,16,4,1,-4
58,79,57,0,80,7,1,2,17,5,1,-3
59,81,58,1,80,9,2,2,19,7,1,-2
60,79,59,1,80,7,-2,2,17,5,-1,-3
61,76,60,1,80,4,-3,2,14,2,-1,-4
62,74,61,2,105,2,-2,2,12,0,-1,-5
63,74,63,1,80,2,0,2,12,0,0,-5
64,76,64,1,80,4,2,2,14,2,1,-4
65,78,65,1,105,6,2,2,16,4,1,-3
66,76,66,0,80,4,-2,2,14,2,-1,-4
67,78,67,1,80,6,2,2,16,4,1,-3
68,74,68,1,80,2,-4,2,12,0,-1,-4
69,79,69,2,105,7,5,2,17,5,1,-3
70,79,71,1,80,7,0,2,17,5,0,-3
71,76,72,1,80,4,-3,2,14,2,-1,-4
72,78,73,1,105,6,2,2,16,4,1,-3
73,76,74,0,80,4,-2,2,14,2,-1,-4
74,78,75,1,80,6,2,2,16,4,1,-3
75,81,76,1,80,9,3,2,19,7,1,-2
76,79,77,1,105,7,-2,2,17,5,-1,-3
77,76,78,1,80,4,-3,2,14,2,-1,-4
78,72,79,1,80,0,-4,2,10,10,-1,-5
79,76,80,1,80,4,4,2,14,2,1,-4
80,78,81,1,105,6,2,2,16,4,1,-3
81,76,82,0,80,4,-2,2,14,2,-1,-4
82,78,83,1,80,6,2,2,16,4,1,-3
83,74,84,1,80,2,-4,2,12,0,-1,-4
84,79,85,1,105,7,5,2,17,5,1,-3
85,83,86,0,80,11,4,2,21,9,1,-2
86,79,87,1,80,7,-4,2,17,5,-1,-3
87,76,88,1,80,4,-3,2,14,2,-1,-4
88,78,89,1,105,6,2,2,16,4,1,-3
89,81,90,1,80,9,3,2,19,7,1,-2
90,79,91,1,80,7,-2,2,17,5,-1,-3
91,76,92,1,80,4,-3,2,14,2,-1,-4
92,74,93,2,105,2,-2,2,12,0,-1,-5
93,74,95,1,80,2,0,2,12,0,0,-5
94,76,96,1,80,4,2,2,14,2,1,-4
95,78,97,1,105,6,2,2,16,4,1,-3
96,76,98,0,80,4,-2,2,14,2,-1,-4
97,78,99,1,80,6,2,2,16,4,1,-3
98,74,100,1,80,2,-4,2,12,0,-1,-4
99,79,101,2,105,7,5,2,17,5,1,-3
100,79,103,1,80,7,0,2,17,5,0,-3
101,76,104,1,80,4,-3,2,14,2,-1,-4
102,78,105,1,105,6,2,2,16,4,1,-3
103,76,106,0,80,4,-2,2,14,2,-1,-4
104,78,107,1,80,6,2,2,16,4,1,-3
105,81,108,1,80,9,3,2,19,7,1,-2
106,79,109,1,105,7,-2,2,17,5,-1,-3
107,76,110,1,80,4,-3,2,14,2,-1,-4
108,72,111,1,80,0,-4,2,10,10,-1,-5
109,76,112,1,80,4,4,2,14,2,1,-4
110,78,113,1,105,6,2,2,16,4,1,-3
111,76,114,0,80,4,-2,2,14,2,-1,-4
112,78,115,1,80,6,2,2,16,4,1,-3
113,74,116,1,80,2,-4,2,12,0,-1,-4
114,79,117,1,105,7,5,2,17,5,1,-3
115,83,118,0,80,11,4,2,21,9,1,-2
116,79,119,1,80,7,-4,2,17,5,-1,-3
117,76,120,1,80,4,-3,2,14,2,-1,-4
118,78,121,1,105,6,2,2,16,4,1,-3
119,81,122,1,80,9,3,2,19,7,1,-2
120,79,123,1,80,7,-2,2,17,5,-1,-3
121,76,124,1,80,4,-3,2,14,2,-1,-4
122,74,125,2,105,2,-2,2,12,0,-1,-5
123,74,127,1,80,2,0,2,12,0,0,-5
