,midi_note,onset,duration,velocity,pitch_class,interval,root,relative_pitch,relative_pitch_class,parsons_code,parsons_cumsum
0,69,0,2,105,9,0,2,7,7,0,0
1,78,2,1,80,6,9,2,16,4,1,1
2,69,3,2,95,9,-9,2,7,7,-1,0
3,78,5,1,80,6,9,2,16,4,1,1
4,69,6,2,95,9,-9,2,7,7,-1,0
5,78,8,1,80,6,9,2,16,4,1,1
6,78,9,1,95,6,0,2,16,4,0,1
7,76,10,1,80,4,-2,2,14,2,-1,0
8,74,11,1,80,2,-2,2,12,0,-1,-1
9,71,12,2,105,11,-3,2,9,9,-1,-2
10,79,14,1,80,7,8,2,17,5,1,-1
11,71,15,2,95,11,-8,2,9,9,-1,-2
12,79,17,1,80,7,8,2,17,5,1,-1
13,71,18,2,95,11,-8,2,9,9,-1,-2
14,79,20,1,80,7,8,2,17,5,1,-1
15,79,21,1,95,7,0,2,17,5,0,-1
16,76,22,1,80,4,-3,2,14,2,-1,-2
17,74,23,1,80,2,-2,2,12,0,-1,-3
18,73,24,1,105,1,-1,2,11,11,-1,-4
19,74,25,1,80,2,1,2,12,0,1,-3
20,76,26,1,80,4,2,2,14,2,1,-2
21,69,27,1,95,9,-7,2,7,7,-1,-3
22,71,28,1,80,11,2,2,9,9,1,-2
23,69,29,1,80,9,-2,2,7,7,-1,-3
24,69,30,1,95,9,0,2,7,7,0,-3
25,67,31,1,80,7,-2,2,5,5,-1,-4
26,69,32,1,80,9,2,2,7,7,1,-3
27,81,33,2,95,9,12,2,19,7,1,-2
28,78,35,1,80,6,-3,2,16,4,-1,-3
29,79,36,1,105,7,1,2,17,5,1,-2
30,76,37,1,80,4,-3,2,14,2,-1,-3
31,74,38,1,80,2,-2,2,12,0,-1,-4
32,73,39,2,95,1,-1,2,11,11,-1,-5
33,76,41,1,80,4,3,2,14,2,1,-4
34,74,42,3,95,2,-2,2,12,0,-1,-5
35,74,45,1,95,2,0,2,12,0,0,-5
36,73,46,1,80,1,-1,2,11,11,-1,-6
37,71,47,1,80,11,-2,2,9,9,-1,-7
38,69,48,2,105,9,-2,2,7,7,-1,-8
39,78,50,1,80,6,9,2,16,4,1,-7
40,69,51,2,95,9,-9,2,7,7,-1,-8
41,78,53,1,80,6,9,2,16,4,1,-7
42,69,54,2,95,9,-9,2,7,7,-1,-8
43,78,56,1,80,6,9,2,16,4,1,-7
44,78,57,1,95,6,0,2,16,4,0,-7
45,76,58,1,80,4,-2,2,14,2,-1,-8
46,74,59,1,80,2,-2,2,12,0,-1,-9
47,71,60,2,105,11,-3,2,9,9,-1,-10
48,79,62,1,80,7,8,2,17,5,1,-9
49,71,63,2,95,11,-8,2,9,9,-1,-10
50,79,65,1,80,7,8,2,17,5,1,-9
51,71,66,2,95,11,-8,2,9,9,-1,-10
52,79,68,1,80,7,8,2,17,5,1,-9
53,79,69,1,95,7,0,2,17,5,0,-9
54,76,70,1,80,4,-3,2,14,2,-1,-10
55,74,71,1,80,2,-2,2,12,0,-1,-11
56,73,72,1,105,1,-1,2,11,11,-1,-12
57,74,73,1,80,2,1,2,12,0,1,-11
58,76,74,1,80,4,2,2,14,2,1,-10
59,69,75,1,95,9,-7,2,7,7,-1,-11
60,71,76,1,80,11,2,2,9,9,1,-10
61,69,77,1,80,9,-2,2,7,7,-1,-11
62,69,78,1,95,9,0,2,7,7,0,-11
63,67,79,1,80,7,-2,2,5,5,-1,-12
64,69,80,1,80,9,2,2,7,7,1,-11
65,81,81,2,95,9,12,2,19,7,1,-10
66,78,83,1,80,6,-3,2,16,4,-1,-11
67,79,84,1,105,7,1,2,17,5,1,-10
68,76,85,1,80,4,-3,2,14,2,-1,-11
69,74,86,1,80,2,-2,2,12,0,-1,-12
70,73,87,2,95,1,-1,2,11,11,-1,-13
71,76,89,1,80,4,3,2,14,2,1,-12
72,74,90,3,95,2,-2,2,12,0,-1,-13
73,74,93,2,95,2,0,2,12,0,0,-13
74,76,95,1,80,4,2,2,14,2,1,-12
75,78,96,4,105,6,2,2,16,4,1,-11
76,76,100,1,80,4,-2,2,14,2,-1,-12
77,74,101,1,80,2,-2,2,12,0,-1,-13
78,76,102,4,95,4,2,2,14,2,1,-12
79,74,106,1,80,2,-2,2,12,0,-1,-13
80,73,107,1,80,1,-1,2,11,11,-1,-14
81,74,108,4,105,2,1,2,12,0,1,-13
82,73,112,1,80,1,-1,2,11,11,-1,-14
83,71,113,1,80,11,-2,2,9,9,-1,-15
84,73,114,4,95,1,2,2,11,11,1,-14
85,71,118,1,80,11,-2,2,9,9,-1,-15
86,69,119,1,80,9,-2,2,7,7,-1,-16
87,67,120,2,105,7,-2,2,5,5,-1,-17
88,71,122,1,80,11,4,2,9,9,1,-16
89,67,123,2,95,7,-4,2,5,5,-1,-17
90,71,125,1,80,11,4,2,9,9,1,-16
91,66,126,1,95,6,-5,2,4,4,-1,-17
92,67,127,1,80,7,1,2,5,5,1,-16
93,69,128,1,80,9,2,2,7,7,1,-15
94,66,129,1,95,6,-3,2,4,4,-1,-16
95,67,130,1,80,7,1,2,5,5,1,-15
96,69,131,1,80,9,2,2,7,7,1,-14
97,64,132,1,105,4,-5,2,2,2,-1,-15
98,66,133,1,80,6,2,2,4,4,1,-14
99,64,134,1,80,4,-2,2,2,2,-1,-15
100,76,135,2,95,4,12,2,14,2,1,-14
101,74,137,1,80,2,-2,2,12,0,-1,-15
102,73,138,1,95,1,-1,2,11,11,-1,-16
103,71,139,1,80,11,-2,2,9,9,-1,-17
104,73,140,1,80,1,2,2,11,11,1,-16
105,74,141,2,95,2,1,2,12,0,1,-15
106,69,143,2,80,9,-5,2,7,7,-1,-16
107,78,145,1,80,6,9,2,16,4,1,-15
108,69,146,2,80,9,-9,2,7,7,-1,-16
109,78,148,1,80,6,9,2,16,4,1,-15
110,69,149,2,80,9,-9,2,7,7,-1,-16
111,78,151,1,80,6,9,2,16,4,1,-15
112,78,152,1,80,6,0,2,16,4,0,-15
113,76,153,1,95,4,-2,2,14,2,-1,-16
114,74,154,1,80,2,-2,2,12,0,-1,-17
115,71,155,2,105,11,-3,2,9,9,-1,-18
116,79,157,1,80,7,8,2,17,5,1,-17
117,71,158,2,95,11,-8,2,9,9,-1,-18
118,79,160,1,80,7,8,2,17,5,1,-17
119,71,161,2,95,11,-8,2,9,9,-1,-18
120,79,163,1,80,7,8,2,17,5,1,-17
121,79,164,1,95,7,0,2,17,5,0,-17
122,76,165,1,80,4,-3,2,14,2,-1,-18
123,74,166,1,80,2,-2,2,12,0,-1,-19
124,73,167,1,105,1,-1,2,11,11,-1,-20
125,74,168,1,80,2,1,2,12,0,1,-19
126,76,169,1,80,4,2,2,14,2,1,-18
127,69,170,1,95,9,-7,2,7,7,-1,-19
128,71,171,1,80,11,2,2,9,9,1,-18
129,69,172,1,80,9,-2,2,7,7,-1,-19
130,69,173,1,95,9,0,2,7,7,0,-19
131,67,174,1,80,7,-2,2,5,5,-1,-20
132,69,175,1,80,9,2,2,7,7,1,-19
133,81,176,2,95,9,12,2,19,7,1,-18
134,78,178,1,80,6,-3,2,16,4,-1,-19
135,76,179,1,105,4,-2,2,14,2,-1,-20
136,78,180,4,105,6,2,2,16,4,1,-19
137,76,184,1,80,4,-2,2,14,2,-1,-20
138,74,185,1,80,2,-2,2,12,0,-1,-21
139,76,186,4,95,4,2,2,14,2,1,-20
140,74,190,1,80,2,-2,2,12,0,-1,-21
141,73,191,1,80,1,-1,2,11,11,-1,-22
142,74,192,4,105,2,1,2,12,0,1,-21
143,73,196,1,80,1,-1,2,11,11,-1,-22
144,71,197,1,80,11,-2,2,9,9,-1,-23
145,73,198,4,95,1,2,2,11,11,1,-22
146,71,202,1,80,11,-2,2,9,9,-1,-23
147,69,203,1,80,9,-2,2,7,7,-1,-24
148,67,204,2,105,7,-2,2,5,5,-1,-25
149,71,206,1,80,11,4,2,9,9,1,-24
150,67,207,2,95,7,-4,2,5,5,-1,-25
151,71,209,1,80,11,4,2,9,9,1,-24
152,66,210,1,95,6,-5,2,4,4,-1,-25
153,67,211,1,80,7,1,2,5,5,1,-24
154,69,212,1,80,9,2,2,7,7,1,-23
155,66,213,1,95,6,-3,2,4,4,-1,-24
156,67,214,1,80,7,1,2,5,5,1,-23
157,69,215,1,80,9,2,2,7,7,1,-22
158,64,216,1,105,4,-5,2,2,2,-1,-23
159,66,217,1,80,6,2,2,4,4,1,-22
160,64,218,1,80,4,-2,2,2,2,-1,-23
161,76,219,2,95,4,12,2,14,2,1,-22
162,74,221,1,80,2,-2,2,12,0,-1,-23
163,73,222,1,95,1,-1,2,11,11,-1,-24
164,71,223,1,80,11,-2,2,9,9,-1,-25
165,73,224,1,80,1,2,2,11,11,1,-24
166,74,225,2,95,2,1,2,12,0,1,-23
