,midi_note,onset,duration,velocity,pitch_class,interval,root,relative_pitch,relative_pitch_class,parsons_code,parsons_cumsum
0,64,0,1,105,4,0,4,0,0,0,0
1,64,1,1,80,4,0,4,0,0,0,0
2,64,2,1,80,4,0,4,0,0,0,0
3,66,3,1,95,6,2,4,2,2,1,1
4,64,4,1,80,4,-2,4,0,0,-1,0
5,62,5,1,80,2,-2,4,-2,10,-1,-1
6,67,6,1,95,7,5,4,3,3,1,0
7,67,7,1,80,7,0,4,3,3,0,0
8,67,8,1,80,7,0,4,3,3,0,0
9,64,9,1,105,4,-3,4,0,0,-1,-1
10,64,10,1,80,4,0,4,0,0,0,-1
11,64,11,1,80,4,0,4,0,0,0,-1
12,72,12,2,95,0,8,4,8,8,1,0
13,69,14,1,80,9,-3,4,5,5,-1,-1
14,71,15,1,95,11,2,4,7,7,1,0
15,67,16,1,80,7,-4,4,3,3,-1,-1
16,64,17,1,80,4,-3,4,0,0,-1,-2
17,64,18,1,105,4,0,4,0,0,0,-2
18,64,19,1,80,4,0,4,0,0,0,-2
19,64,20,1,80,4,0,4,0,0,0,-2
20,66,21,1,95,6,2,4,2,2,1,-1
21,64,22,1,80,4,-2,4,0,0,-1,-2
22,62,23,1,80,2,-2,4,-2,10,-1,-3
23,67,24,2,95,7,5,4,3,3,1,-2
24,69,26,1,80,9,2,4,5,5,1,-1
25,71,27,1,105,11,2,4,7,7,1,0
26,69,28,1,80,9,-2,4,5,5,-1,-1
27,67,29,1,80,7,-2,4,3,3,-1,-2
28,66,30,1,95,6,-1,4,2,2,-1,-3
29,62,31,1,80,2,-4,4,-2,10,-1,-4
30,66,32,1,80,6,4,4,2,2,1,-3
31,69,33,1,95,9,3,4,5,5,1,-2
32,66,34,1,80,6,-3,4,2,2,-1,-3
33,62,35,1,80,2,-4,4,-2,10,-1,-4
34,64,36,1,105,4,2,4,0,0,1,-3
35,64,37,1,80,4,0,4,0,0,0,-3
36,64,38,1,80,4,0,4,0,0,0,-3
37,66,39,1,95,6,2,4,2,2,1,-2
38,64,40,1,80,4,-2,4,0,0,-1,-3
39,62,41,1,80,2,-2,4,-2,10,-1,-4
40,67,42,1,95,7,5,4,3,3,1,-3
41,67,43,1,80,7,0,4,3,3,0,-3
42,67,44,1,80,7,0,4,3,3,0,-3
43,64,45,1,105,4,-3,4,0,0,-1,-4
44,64,46,1,80,4,0,4,0,0,0,-4
45,64,47,1,80,4,0,4,0,0,0,-4
46,72,48,2,95,0,8,4,8,8,1,-3
47,69,50,1,80,9,-3,4,5,5,-1,-4
48,71,51,1,95,11,2,4,7,7,1,-3
49,67,52,1,80,7,-4,4,3,3,-1,-4
50,64,53,1,80,4,-3,4,0,0,-1,-5
51,64,54,1,105,4,0,4,0,0,0,-5
52,64,55,1,80,4,0,4,0,0,0,-5
53,64,56,1,80,4,0,4,0,0,0,-5
54,66,57,1,95,6,2,4,2,2,1,-4
55,64,58,1,80,4,-2,4,0,0,-1,-5
56,62,59,1,80,2,-2,4,-2,10,-1,-6
57,67,60,2,95,7,5,4,3,3,1,-5
58,69,62,1,80,9,2,4,5,5,1,-4
59,71,63,1,105,11,2,4,7,7,1,-3
60,69,64,1,80,9,-2,4,5,5,-1,-4
61,67,65,1,80,7,-2,4,3,3,-1,-5
62,66,66,1,95,6,-1,4,2,2,-1,-6
63,62,67,1,80,2,-4,4,-2,10,-1,-7
64,66,68,1,80,6,4,4,2,2,1,-6
65,69,69,1,95,9,3,4,5,5,1,-5
66,66,70,1,80,6,-3,4,2,2,-1,-6
67,62,71,1,80,2,-4,4,-2,10,-1,-7
68,71,72,1,105,11,9,4,7,7,1,-6
69,67,73,1,80,7,-4,4,3,3,-1,-7
70,71,74,1,80,11,4,4,7,7,1,-6
71,69,75,1,95,9,-2,4,5,5,-1,-7
72,66,76,1,80,6,-3,4,2,2,-1,-8
73,69,77,1,80,9,3,4,5,5,1,-7
74,67,78,2,95,7,-2,4,3,3,-1,-8
75,62,80,1,80,2,-5,4,-2,10,-1,-9
76,67,81,1,105,7,5,4,3,3,1,-8
77,71,82,1,80,11,4,4,7,7,1,-7
78,74,83,1,80,2,3,4,10,10,1,-6
79,79,84,2,95,7,5,4,15,3,1,-5
80,76,86,1,80,4,-3,4,12,0,-1,-6
81,74,87,1,95,2,-2,4,10,10,-1,-7
82,71,88,1,80,11,-3,4,7,7,-1,-8
83,67,89,1,80,7,-4,4,3,3,-1,-9
84,71,90,1,105,11,4,4,7,7,1,-8
85,67,91,1,80,7,-4,4,3,3,-1,-9
86,71,92,1,80,11,4,4,7,7,1,-8
87,69,93,1,95,9,-2,4,5,5,-1,-9
88,66,94,1,80,6,-3,4,2,2,-1,-10
89,69,95,1,80,9,3,4,5,5,1,-9
90,67,96,2,95,7,-2,4,3,3,-1,-10
91,67,98,1,80,7,0,4,3,3,0,-10
92,71,99,1,105,11,4,4,7,7,1,-9
93,69,100,1,80,9,-2,4,5,5,-1,-10
94,67,101,1,80,7,-2,4,3,3,-1,-11
95,66,102,1,95,6,-1,4,2,2,-1,-12
96,69,103,1,80,9,3,4,5,5,1,-11
97,67,104,1,80,7,-2,4,3,3,-1,-12
98,66,105,1,95,6,-1,4,2,2,-1,-13
99,64,106,1,80,4,-2,4,0,0,-1,-14
100,62,107,1,80,2,-2,4,-2,10,-1,-15
101,71,108,1,105,11,9,4,7,7,1,-14
102,67,109,1,80,7,-4,4,3,3,-1,-15
103,71,110,1,80,11,4,4,7,7,1,-14
104,69,111,1,95,9,-2,4,5,5,-1,-15
105,66,112,1,80,6,-3,4,2,2,-1,-16
106,69,113,1,80,9,3,4,5,5,1,-15
107,67,114,2,95,7,-2,4,3,3,-1,-16
108,62,116,1,80,2,-5,4,-2,10,-1,-17
109,67,117,1,105,7,5,4,3,3,1,-16
110,69,118,1,80,9,2,4,5,5,1,-15
111,71,119,1,80,11,2,4,7,7,1,-14
112,74,120,1,95,2,3,4,10,10,1,-13
113,79,121,1,80,7,5,4,15,3,1,-12
114,76,122,1,80,4,-3,4,12,0,-1,-13
115,74,123,1,95,2,-2,4,10,10,-1,-14
116,72,124,1,80,0,-2,4,8,8,-1,-15
117,69,125,1,80,9,-3,4,5,5,-1,-16
118,71,126,1,105,11,2,4,7,7,1,-15
119,67,127,1,80,7,-4,4,3,3,-1,-16
120,71,128,1,80,11,4,4,7,7,1,-15
121,69,129,1,95,9,-2,4,5,5,-1,-16
122,66,130,1,80,6,-3,4,2,2,-1,-17
123,69,131,1,80,9,3,4,5,5,1,-16
124,67,132,2,95,7,-2,4,3,3,-1,-17
125,69,134,1,80,9,2,4,5,5,1,-16
126,71,135,1,105,11,2,4,7,7,1,-15
127,69,136,1,80,9,-2,4,5,5,-1,-16
128,67,137,1,80,7,-2,4,3,3,-1,-17
129,66,138,1,95,6,-1,4,2,2,-1,-18
130,62,139,1,80,2,-4,4,-2,10,-1,-19
131,66,140,1,80,6,4,4,2,2,1,-18
132,69,141,1,95,9,3,4,5,5,1,-17
133,66,142,1,80,6,-3,4,2,2,-1,-18
134,62,143,1,80,2,-4,4,-2,10,-1,-19
135,79,144,1,105,7,17,4,15,3,1,-18
136,79,145,1,80,7,0,4,15,3,0,-18
137,79,146,1,80,7,0,4,15,3,0,-18
138,76,147,1,95,4,-3,4,12,0,-1,-19
139,71,148,1,80,11,-5,4,7,7,-1,-20
140,76,149,1,80,4,5,4,12,0,1,-19
141,76,150,2,95,4,0,4,12,0,0,-19
142,78,152,1,80,6,2,4,14,2,1,-18
143,79,153,2,105,7,1,4,15,3,1,-17
144,79,155,1,80,7,0,4,15,3,0,-17
145,76,156,1,95,4,-3,4,12,0,-1,-18
146,78,157,1,80,6,2,4,14,2,1,-17
147,79,158,1,80,7,1,4,15,3,1,-16
148,81,159,1,95,9,2,4,17,5,1,-15
149,78,160,1,80,6,-3,4,14,2,-1,-16
150,74,161,1,80,2,-4,4,10,10,-1,-17
151,79,162,1,105,7,5,4,15,3,1,-16
152,79,163,1,80,7,0,4,15,3,0,-16
153,79,164,1,80,7,0,4,15,3,0,-16
154,76,165,1,95,4,-3,4,12,0,-1,-17
155,71,166,1,80,11,-5,4,7,7,-1,-18
156,76,167,1,80,4,5,4,12,0,1,-17
157,79,168,2,95,7,3,4,15,3,1,-16
158,81,170,1,80,9,2,4,17,5,1,-15
159,83,171,1,105,11,2,4,19,7,1,-14
160,81,172,1,80,9,-2,4,17,5,-1,-15
161,79,173,1,80,7,-2,4,15,3,-1,-16
162,78,174,1,95,6,-1,4,14,2,-1,-17
163,74,175,1,80,2,-4,4,10,10,-1,-18
164,78,176,1,80,6,4,4,14,2,1,-17
165,81,177,1,95,9,3,4,17,5,1,-16
166,78,178,1,80,6,-3,4,14,2,-1,-17
167,74,179,1,80,2,-4,4,10,10,-1,-18
168,79,180,1,105,7,5,4,15,3,1,-17
169,79,181,1,80,7,0,4,15,3,0,-17
170,79,182,1,80,7,0,4,15,3,0,-17
171,76,183,1,95,4,-3,4,12,0,-1,-18
172,71,184,1,80,11,-5,4,7,7,-1,-19
173,76,185,1,80,4,5,4,12,0,1,-18
174,76,186,2,95,4,0,4,12,0,0,-18
175,78,188,1,80,6,2,4,14,2,1,-17
176,79,189,1,105,7,1,4,15,3,1,-16
177,79,190,1,80,7,0,4,15,3,0,-16
178,79,191,1,80,7,0,4,15,3,0,-16
179,76,192,1,95,4,-3,4,12,0,-1,-17
180,78,193,1,80,6,2,4,14,2,1,-16
181,79,194,1,80,7,1,4,15,3,1,-15
182,81,195,1,95,9,2,4,17,5,1,-14
183,78,196,1,80,6,-3,4,14,2,-1,-15
184,74,197,1,80,2,-4,4,10,10,-1,-16
185,79,198,1,105,7,5,4,15,3,1,-15
186,79,199,1,80,7,0,4,15,3,0,-15
187,79,200,1,80,7,0,4,15,3,0,-15
188,76,201,1,95,4,-3,4,12,0,-1,-16
189,71,202,1,80,11,-5,4,7,7,-1,-17
190,76,203,1,80,4,5,4,12,0,1,-16
191,79,204,2,95,7,3,4,15,3,1,-15
192,81,206,1,80,9,2,4,17,5,1,-14
193,83,207,1,105,11,2,4,19,7,1,-13
194,81,208,1,80,9,-2,4,17,5,-1,-14
195,79,209,1,80,7,-2,4,15,3,-1,-15
196,78,210,1,95,6,-1,4,14,2,-1,-16
197,81,211,1,80,9,3,4,17,5,1,-15
198,79,212,1,80,7,-2,4,15,3,-1,-16
199,78,213,1,95,6,-1,4,14,2,-1,-17
200,76,214,1,80,4,-2,4,12,0,-1,-18
201,74,215,1,80,2,-2,4,10,10,-1,-19
202,76,216,1,105,4,2,4,12,0,1,-18
203,71,217,1,80,11,-5,4,7,7,-1,-19
204,71,218,1,80,11,0,4,7,7,0,-19
205,74,219,1,95,2,3,4,10,10,1,-18
206,71,220,1,80,11,-3,4,7,7,-1,-19
207,69,221,1,80,9,-2,4,5,5,-1,-20
208,67,222,2,95,7,-2,4,3,3,-1,-21
209,69,224,1,80,9,2,4,5,5,1,-20
210,71,225,1,105,11,2,4,7,7,1,-19
211,69,226,1,80,9,-2,4,5,5,-1,-20
212,71,227,1,80,11,2,4,7,7,1,-19
213,72,228,2,95,0,1,4,8,8,1,-18
214,69,230,1,80,9,-3,4,5,5,-1,-19
215,71,231,1,95,11,2,4,7,7,1,-18
216,67,232,1,80,7,-4,4,3,3,-1,-19
217,64,233,1,80,4,-3,4,0,0,-1,-20
218,62,234,1,105,2,-2,4,-2,10,-1,-21
219,71,235,1,80,11,9,4,7,7,1,-20
220,71,236,1,80,11,0,4,7,7,0,-20
221,62,237,1,95,2,-9,4,-2,10,-1,-21
222,69,238,1,80,9,7,4,5,5,1,-20
223,69,239,1,80,9,0,4,5,5,0,-20
224,67,240,2,95,7,-2,4,3,3,-1,-21
225,69,242,1,80,9,2,4,5,5,1,-20
226,71,243,1,105,11,2,4,7,7,1,-19
227,69,244,1,80,9,-2,4,5,5,-1,-20
228,67,245,1,80,7,-2,4,3,3,-1,-21
229,66,246,1,95,6,-1,4,2,2,-1,-22
230,62,247,1,80,2,-4,4,-2,10,-1,-23
231,66,248,1,80,6,4,4,2,2,1,-22
232,69,249,1,95,9,3,4,5,5,1,-21
233,66,250,1,80,6,-3,4,2,2,-1,-22
234,62,251,1,80,2,-4,4,-2,10,-1,-23
235,76,252,1,105,4,14,4,12,0,1,-22
236,71,253,1,80,11,-5,4,7,7,-1,-23
237,76,254,1,80,4,5,4,12,0,1,-22
238,74,255,2,95,2,-2,4,10,10,-1,-23
239,71,257,1,80,11,-3,4,7,7,-1,-24
240,67,258,2,95,7,-4,4,3,3,-1,-25
241,69,260,1,80,9,2,4,5,5,1,-24
242,71,261,1,105,11,2,4,7,7,1,-23
243,69,262,1,80,9,-2,4,5,5,-1,-24
244,71,263,1,80,11,2,4,7,7,1,-23
245,72,264,2,95,0,1,4,8,8,1,-22
246,69,266,1,80,9,-3,4,5,5,-1,-23
247,71,267,1,95,11,2,4,7,7,1,-22
248,67,268,1,80,7,-4,4,3,3,-1,-23
249,64,269,1,80,4,-3,4,0,0,-1,-24
250,62,270,1,105,2,-2,4,-2,10,-1,-25
251,71,271,1,80,11,9,4,7,7,1,-24
252,71,272,1,80,11,0,4,7,7,0,-24
253,62,273,1,95,2,-9,4,-2,10,-1,-25
254,69,274,1,80,9,7,4,5,5,1,-24
255,69,275,1,80,9,0,4,5,5,0,-24
256,67,276,1,95,7,-2,4,3,3,-1,-25
257,67,277,1,80,7,0,4,3,3,0,-25
258,69,278,1,80,9,2,4,5,5,1,-24
259,71,279,1,105,11,2,4,7,7,1,-23
260,69,280,1,80,9,-2,4,5,5,-1,-24
261,67,281,1,80,7,-2,4,3,3,-1,-25
262,66,282,1,95,6,-1,4,2,2,-1,-26
263,62,283,1,80,2,-4,4,-2,10,-1,-27
264,66,284,1,80,6,4,4,2,2,1,-26
265,69,285,1,95,9,3,4,5,5,1,-25
266,66,286,1,80,6,-3,4,2,2,-1,-26
267,62,287,1,80,2,-4,4,-2,10,-1,-27
