,midi_note,onset,duration,velocity,pitch_class,interval,root,relative_pitch,relative_pitch_class,parsons_code,parsons_cumsum
0,79,1,2,105,7,0,7,12,0,0,0
1,76,3,1,80,4,-3,7,9,9,-1,-1
2,74,4,1,95,2,-2,7,7,7,-1,-2
3,76,5,1,80,4,2,7,9,9,1,-1
4,74,6,1,80,2,-2,7,7,7,-1,-2
5,71,7,2,95,11,-3,7,4,4,-1,-3
6,67,9,1,80,7,-4,7,0,0,-1,-4
7,67,10,1,95,7,0,7,0,0,0,-4
8,71,11,1,80,11,4,7,4,4,1,-3
9,67,12,1,80,7,-4,7,0,0,-1,-4
10,69,13,1,105,9,2,7,2,2,1,-3
11,71,14,1,80,11,2,7,4,4,1,-2
12,69,15,1,80,9,-2,7,2,2,-1,-3
13,62,16,1,95,2,-7,7,-5,7,-1,-4
14,66,17,1,80,6,4,7,-1,11,1,-3
15,69,18,1,80,9,3,7,2,2,1,-2
16,67,19,2,95,7,-2,7,0,0,-1,-3
17,71,21,1,80,11,4,7,4,4,1,-2
18,74,22,1,95,2,3,7,7,7,1,-1
19,76,23,1,80,4,2,7,9,9,1,0
20,78,24,1,80,6,2,7,11,11,1,1
21,79,25,2,105,7,1,7,12,0,1,2
22,76,27,1,80,4,-3,7,9,9,-1,1
23,74,28,1,95,2,-2,7,7,7,-1,0
24,76,29,1,80,4,2,7,9,9,1,1
25,74,30,1,80,2,-2,7,7,7,-1,0
26,71,31,2,95,11,-3,7,4,4,-1,-1
27,67,33,1,80,7,-4,7,0,0,-1,-2
28,67,34,1,95,7,0,7,0,0,0,-2
29,71,35,1,80,11,4,7,4,4,1,-1
30,67,36,1,80,7,-4,7,0,0,-1,-2
31,69,37,1,105,9,2,7,2,2,1,-1
32,71,38,1,80,11,2,7,4,4,1,0
33,69,39,1,80,9,-2,7,2,2,-1,-1
34,62,40,1,95,2,-7,7,-5,7,-1,-2
35,66,41,1,80,6,4,7,-1,11,1,-1
36,69,42,1,80,9,3,7,2,2,1,0
37,67,43,3,95,7,-2,7,0,0,-1,-1
38,67,46,2,95,7,0,7,0,0,0,-1
39,79,49,2,105,7,12,7,12,0,1,0
40,76,51,1,80,4,-3,7,9,9,-1,-1
41,74,52,1,95,2,-2,7,7,7,-1,-2
42,76,53,1,80,4,2,7,9,9,1,-1
43,74,54,1,80,2,-2,7,7,7,-1,-2
44,71,55,2,95,11,-3,7,4,4,-1,-3
45,67,57,1,80,7,-4,7,0,0,-1,-4
46,67,58,1,95,7,0,7,0,0,0,-4
47,71,59,1,80,11,4,7,4,4,1,-3
48,67,60,1,80,7,-4,7,0,0,-1,-4
49,69,61,1,105,9,2,7,2,2,1,-3
50,71,62,1,80,11,2,7,4,4,1,-2
51,69,63,1,80,9,-2,7,2,2,-1,-3
52,62,64,1,95,2,-7,7,-5,7,-1,-4
53,66,65,1,80,6,4,7,-1,11,1,-3
54,69,66,1,80,9,3,7,2,2,1,-2
55,67,67,2,95,7,-2,7,0,0,-1,-3
56,71,69,1,80,11,4,7,4,4,1,-2
57,74,70,1,95,2,3,7,7,7,1,-1
58,76,71,1,80,4,2,7,9,9,1,0
59,78,72,1,80,6,2,7,11,11,1,1
60,79,73,2,105,7,1,7,12,0,1,2
61,76,75,1,80,4,-3,7,9,9,-1,1
62,74,76,1,95,2,-2,7,7,7,-1,0
63,76,77,1,80,4,2,7,9,9,1,1
64,74,78,1,80,2,-2,7,7,7,-1,0
65,71,79,2,95,11,-3,7,4,4,-1,-1
66,67,81,1,80,7,-4,7,0,0,-1,-2
67,67,82,1,95,7,0,7,0,0,0,-2
68,71,83,1,80,11,4,7,4,4,1,-1
69,67,84,1,80,7,-4,7,0,0,-1,-2
70,69,85,1,105,9,2,7,2,2,1,-1
71,71,86,1,80,11,2,7,4,4,1,0
72,69,87,1,80,9,-2,7,2,2,-1,-1
73,62,88,1,95,2,-7,7,-5,7,-1,-2
74,66,89,1,80,6,4,7,-1,11,1,-1
75,69,90,1,80,9,3,7,2,2,1,0
76,67,91,3,95,7,-2,7,0,0,-1,-1
77,67,94,2,95,7,0,7,0,0,0,-1
78,71,96,1,80,11,4,7,4,4,1,0
79,74,97,1,105,2,3,7,7,7,1,1
80,76,98,1,80,4,2,7,9,9,1,2
81,74,99,1,80,2,-2,7,7,7,-1,1
82,76,100,2,95,4,2,7,9,9,1,2
83,74,102,1,80,2,-2,7,7,7,-1,1
84,83,103,2,95,11,9,7,16,4,1,2
85,83,105,1,80,11,0,7,16,4,0,2
86,83,106,1,95,11,0,7,16,4,0,2
87,81,107,1,80,9,-2,7,14,2,-1,1
88,79,108,1,80,7,-2,7,12,0,-1,0
89,81,109,1,105,9,2,7,14,2,1,1
90,83,110,1,80,11,2,7,16,4,1,2
91,81,111,1,80,9,-2,7,14,2,-1,1
92,76,112,2,95,4,-5,7,9,9,-1,0
93,78,114,1,80,6,2,7,11,11,1,1
94,79,115,3,95,7,1,7,12,0,1,2
95,76,118,1,95,4,-3,7,9,9,-1,1
96,74,119,1,80,2,-2,7,7,7,-1,0
97,71,120,1,80,11,-3,7,4,4,-1,-1
98,74,121,2,105,2,3,7,7,7,1,0
99,79,123,1,80,7,5,7,12,0,1,1
100,79,124,1,95,7,0,7,12,0,0,1
101,78,125,1,80,6,-1,7,11,11,-1,0
102,79,126,1,80,7,1,7,12,0,1,1
103,83,127,3,95,11,4,7,16,4,1,2
104,83,130,1,95,11,0,7,16,4,0,2
105,81,131,1,80,9,-2,7,14,2,-1,1
106,79,132,1,80,7,-2,7,12,0,-1,0
107,81,133,1,105,9,2,7,14,2,1,1
108,83,134,1,80,11,2,7,16,4,1,2
109,81,135,1,80,9,-2,7,14,2,-1,1
110,76,136,2,95,4,-5,7,9,9,-1,0
111,78,138,1,80,6,2,7,11,11,1,1
112,79,139,3,95,7,1,7,12,0,1,2
113,79,142,2,95,7,0,7,12,0,0,2
114,76,144,1,80,4,-3,7,9,9,-1,1
115,74,145,1,105,2,-2,7,7,7,-1,0
116,76,146,1,80,4,2,7,9,9,1,1
117,74,147,1,80,2,-2,7,7,7,-1,0
118,76,148,2,95,4,2,7,9,9,1,1
119,74,150,1,80,2,-2,7,7,7,-1,0
120,83,151,2,95,11,9,7,16,4,1,1
121,83,153,1,80,11,0,7,16,4,0,1
122,83,154,1,95,11,0,7,16,4,0,1
123,81,155,1,80,9,-2,7,14,2,-1,0
124,79,156,1,80,7,-2,7,12,0,-1,-1
125,81,157,1,105,9,2,7,14,2,1,0
126,83,158,1,80,11,2,7,16,4,1,1
127,81,159,1,80,9,-2,7,14,2,-1,0
128,76,160,2,95,4,-5,7,9,9,-1,-1
129,78,162,1,80,6,2,7,11,11,1,0
130,79,163,3,95,7,1,7,12,0,1,1
131,76,166,1,95,4,-3,7,9,9,-1,0
132,74,167,1,80,2,-2,7,7,7,-1,-1
133,71,168,1,80,11,-3,7,4,4,-1,-2
134,74,169,2,105,2,3,7,7,7,1,-1
135,79,171,1,80,7,5,7,12,0,1,0
136,79,172,1,95,7,0,7,12,0,0,0
137,78,173,1,80,6,-1,7,11,11,-1,-1
138,79,174,1,80,7,1,7,12,0,1,0
139,83,175,3,95,11,4,7,16,4,1,1
140,83,178,1,95,11,0,7,16,4,0,1
141,81,179,1,80,9,-2,7,14,2,-1,0
142,79,180,1,80,7,-2,7,12,0,-1,-1
143,81,181,1,105,9,2,7,14,2,1,0
144,83,182,1,80,11,2,7,16,4,1,1
145,81,183,1,80,9,-2,7,14,2,-1,0
146,76,184,2,95,4,-5,7,9,9,-1,-1
147,78,186,1,80,6,2,7,11,11,1,0
148,79,187,3,95,7,1,7,12,0,1,1
149,79,190,1,95,7,0,7,12,0,0,1
150,76,191,1,80,4,-3,7,9,9,-1,0
151,74,192,1,80,2,-2,7,7,7,-1,-1
