,midi_note,onset,duration,velocity,pitch_class,interval,root,relative_pitch,relative_pitch_class,parsons_code,parsons_cumsum
0,71,0,0,105,11,0,7,4,4,0,0
1,72,0,0,80,0,1,7,5,5,1,1
2,74,1,1,105,2,2,7,7,7,1,2
3,76,2,0,80,4,2,7,9,9,1,3
4,74,2,0,80,2,-2,7,7,7,-1,2
5,71,3,1,80,11,-3,7,4,4,-1,1
6,74,4,1,80,2,3,7,7,7,1,2
7,76,5,0,105,4,2,7,9,9,1,3
8,78,5,0,80,6,2,7,11,11,1,4
9,76,6,0,80,4,-2,7,9,9,-1,3
10,74,6,0,80,2,-2,7,7,7,-1,2
11,76,7,0,80,4,2,7,9,9,1,3
12,78,7,0,80,6,2,7,11,11,1,4
13,79,8,0,80,7,1,7,12,0,1,5
14,76,8,0,80,4,-3,7,9,9,-1,4
15,74,9,1,105,2,-2,7,7,7,-1,3
16,76,10,0,80,4,2,7,9,9,1,4
17,74,10,0,80,2,-2,7,7,7,-1,3
18,71,11,0,80,11,-3,7,4,4,-1,2
19,74,11,0,80,2,3,7,7,7,1,3
20,74,12,0,80,2,0,7,7,7,0,3
21,69,12,0,80,9,-5,7,2,2,-1,2
22,71,13,1,105,11,2,7,4,4,1,3
23,69,14,1,80,9,-2,7,2,2,-1,2
24,69,15,1,80,9,0,7,2,2,0,2
25,71,16,0,80,11,2,7,4,4,1,3
26,74,17,1,105,2,3,7,7,7,1,4
27,76,18,0,80,4,2,7,9,9,1,5
28,74,18,0,80,2,-2,7,7,7,-1,4
29,71,19,1,80,11,-3,7,4,4,-1,3
30,74,20,1,80,2,3,7,7,7,1,4
31,76,21,0,105,4,2,7,9,9,1,5
32,78,21,0,80,6,2,7,11,11,1,6
33,76,22,0,80,4,-2,7,9,9,-1,5
34,74,22,0,80,2,-2,7,7,7,-1,4
35,76,23,0,80,4,2,7,9,9,1,5
36,78,23,0,80,6,2,7,11,11,1,6
37,79,24,0,80,7,1,7,12,0,1,7
38,76,24,0,80,4,-3,7,9,9,-1,6
39,74,25,1,105,2,-2,7,7,7,-1,5
40,76,26,0,80,4,2,7,9,9,1,6
41,74,26,0,80,2,-2,7,7,7,-1,5
42,71,27,0,80,11,-3,7,4,4,-1,4
43,74,27,0,80,2,3,7,7,7,1,5
44,74,28,0,80,2,0,7,7,7,0,5
45,69,28,0,80,9,-5,7,2,2,-1,4
46,71,29,1,105,11,2,7,4,4,1,5
47,67,30,1,80,7,-4,7,0,0,-1,4
48,67,31,1,80,7,0,7,0,0,0,4
49,71,32,0,80,11,4,7,4,4,1,5
50,72,32,0,80,0,1,7,5,5,1,6
51,74,33,1,105,2,2,7,7,7,1,7
52,76,34,0,80,4,2,7,9,9,1,8
53,74,34,0,80,2,-2,7,7,7,-1,7
54,71,35,1,80,11,-3,7,4,4,-1,6
55,74,36,1,80,2,3,7,7,7,1,7
56,76,37,0,105,4,2,7,9,9,1,8
57,78,37,0,80,6,2,7,11,11,1,9
58,76,38,0,80,4,-2,7,9,9,-1,8
59,74,38,0,80,2,-2,7,7,7,-1,7
60,76,39,0,80,4,2,7,9,9,1,8
61,78,39,0,80,6,2,7,11,11,1,9
62,79,40,0,80,7,1,7,12,0,1,10
63,76,40,0,80,4,-3,7,9,9,-1,9
64,74,41,1,105,2,-2,7,7,7,-1,8
65,76,42,0,80,4,2,7,9,9,1,9
66,74,42,0,80,2,-2,7,7,7,-1,8
67,71,43,0,80,11,-3,7,4,4,-1,7
68,74,43,0,80,2,3,7,7,7,1,8
69,74,44,0,80,2,0,7,7,7,0,8
70,69,44,0,80,9,-5,7,2,2,-1,7
71,71,45,1,105,11,2,7,4,4,1,8
72,69,46,1,80,9,-2,7,2,2,-1,7
73,69,47,1,80,9,0,7,2,2,0,7
74,71,48,0,80,11,2,7,4,4,1,8
75,74,49,1,105,2,3,7,7,7,1,9
76,76,50,0,80,4,2,7,9,9,1,10
77,74,50,0,80,2,-2,7,7,7,-1,9
78,71,51,1,80,11,-3,7,4,4,-1,8
79,74,52,1,80,2,3,7,7,7,1,9
80,76,53,0,105,4,2,7,9,9,1,10
81,78,53,0,80,6,2,7,11,11,1,11
82,76,54,0,80,4,-2,7,9,9,-1,10
83,74,54,0,80,2,-2,7,7,7,-1,9
84,76,55,0,80,4,2,7,9,9,1,10
85,78,55,0,80,6,2,7,11,11,1,11
86,79,56,0,80,7,1,7,12,0,1,12
87,76,56,0,80,4,-3,7,9,9,-1,11
88,74,57,1,105,2,-2,7,7,7,-1,10
89,76,58,0,80,4,2,7,9,9,1,11
90,74,58,0,80,2,-2,7,7,7,-1,10
91,71,59,0,80,11,-3,7,4,4,-1,9
92,74,59,0,80,2,3,7,7,7,1,10
93,74,60,0,80,2,0,7,7,7,0,10
94,69,60,0,80,9,-5,7,2,2,-1,9
95,71,61,1,105,11,2,7,4,4,1,10
96,67,62,1,80,7,-4,7,0,0,-1,9
97,67,63,1,80,7,0,7,0,0,0,9
98,74,64,0,80,2,7,7,7,7,1,10
99,76,64,0,80,4,2,7,9,9,1,11
100,78,64,0,80,6,2,7,11,11,1,12
101,79,65,1,105,7,1,7,12,0,1,13
102,79,66,0,80,7,0,7,12,0,0,13
103,78,66,0,80,6,-1,7,11,11,-1,12
104,79,67,0,80,7,1,7,12,0,1,13
105,83,67,0,80,11,4,7,16,4,1,14
106,81,68,0,80,9,-2,7,14,2,-1,13
107,78,68,0,80,6,-3,7,11,11,-1,12
108,79,69,1,105,7,1,7,12,0,1,13
109,76,70,1,80,4,-3,7,9,9,-1,12
110,76,71,0,80,4,0,7,9,9,0,12
111,74,71,0,80,2,-2,7,7,7,-1,11
112,71,72,0,80,11,-3,7,4,4,-1,10
113,74,72,0,80,2,3,7,7,7,1,11
114,76,73,1,105,4,2,7,9,9,1,12
115,76,74,0,80,4,0,7,9,9,0,12
116,74,74,0,80,2,-2,7,7,7,-1,11
117,76,75,0,80,4,2,7,9,9,1,12
118,78,75,0,80,6,2,7,11,11,1,13
119,81,76,0,80,9,3,7,14,2,1,14
120,79,76,0,80,7,-2,7,12,0,-1,13
121,78,77,1,105,6,-1,7,11,11,-1,12
122,74,78,1,80,2,-4,7,7,7,-1,11
123,74,79,1,80,2,0,7,7,7,0,11
124,74,80,0,80,2,0,7,7,7,0,11
125,76,80,0,80,4,2,7,9,9,1,12
126,78,80,0,80,6,2,7,11,11,1,13
127,79,81,1,105,7,1,7,12,0,1,14
128,79,82,0,80,7,0,7,12,0,0,14
129,78,82,0,80,6,-1,7,11,11,-1,13
130,79,83,0,80,7,1,7,12,0,1,14
131,83,83,0,80,11,4,7,16,4,1,15
132,81,84,0,80,9,-2,7,14,2,-1,14
133,78,84,0,80,6,-3,7,11,11,-1,13
134,79,85,1,105,7,1,7,12,0,1,14
135,76,86,1,80,4,-3,7,9,9,-1,13
136,76,87,0,80,4,0,7,9,9,0,13
137,74,87,0,80,2,-2,7,7,7,-1,12
138,71,88,0,80,11,-3,7,4,4,-1,11
139,74,88,0,80,2,3,7,7,7,1,12
140,74,89,1,105,2,0,7,7,7,0,12
141,76,90,0,80,4,2,7,9,9,1,13
142,74,90,0,80,2,-2,7,7,7,-1,12
143,71,91,0,80,11,-3,7,4,4,-1,11
144,74,91,0,80,2,3,7,7,7,1,12
145,74,92,0,80,2,0,7,7,7,0,12
146,69,92,0,80,9,-5,7,2,2,-1,11
147,71,93,1,105,11,2,7,4,4,1,12
148,67,94,1,80,7,-4,7,0,0,-1,11
149,67,95,1,80,7,0,7,0,0,0,11
150,74,96,0,80,2,7,7,7,7,1,12
151,76,96,0,80,4,2,7,9,9,1,13
152,78,96,0,80,6,2,7,11,11,1,14
153,79,97,1,105,7,1,7,12,0,1,15
154,79,98,0,80,7,0,7,12,0,0,15
155,78,98,0,80,6,-1,7,11,11,-1,14
156,79,99,0,80,7,1,7,12,0,1,15
157,83,99,0,80,11,4,7,16,4,1,16
158,81,100,0,80,9,-2,7,14,2,-1,15
159,78,100,0,80,6,-3,7,11,11,-1,14
160,79,101,1,105,7,1,7,12,0,1,15
161,76,102,1,80,4,-3,7,9,9,-1,14
162,76,103,0,80,4,0,7,9,9,0,14
163,74,103,0,80,2,-2,7,7,7,-1,13
164,71,104,0,80,11,-3,7,4,4,-1,12
165,74,104,0,80,2,3,7,7,7,1,13
166,76,105,1,105,4,2,7,9,9,1,14
167,76,106,0,80,4,0,7,9,9,0,14
168,74,106,0,80,2,-2,7,7,7,-1,13
169,76,107,0,80,4,2,7,9,9,1,14
170,78,107,0,80,6,2,7,11,11,1,15
171,81,108,0,80,9,3,7,14,2,1,16
172,79,108,0,80,7,-2,7,12,0,-1,15
173,78,109,1,105,6,-1,7,11,11,-1,14
174,74,110,1,80,2,-4,7,7,7,-1,13
175,74,111,1,80,2,0,7,7,7,0,13
176,74,112,0,80,2,0,7,7,7,0,13
177,76,112,0,80,4,2,7,9,9,1,14
178,78,112,0,80,6,2,7,11,11,1,15
179,79,113,1,105,7,1,7,12,0,1,16
180,79,114,0,80,7,0,7,12,0,0,16
181,78,114,0,80,6,-1,7,11,11,-1,15
182,79,115,0,80,7,1,7,12,0,1,16
183,83,115,0,80,11,4,7,16,4,1,17
184,81,116,0,80,9,-2,7,14,2,-1,16
185,78,116,0,80,6,-3,7,11,11,-1,15
186,79,117,1,105,7,1,7,12,0,1,16
187,76,118,1,80,4,-3,7,9,9,-1,15
188,76,119,0,80,4,0,7,9,9,0,15
189,74,119,0,80,2,-2,7,7,7,-1,14
190,71,120,0,80,11,-3,7,4,4,-1,13
191,74,120,0,80,2,3,7,7,7,1,14
192,74,121,1,105,2,0,7,7,7,0,14
193,76,122,0,80,4,2,7,9,9,1,15
194,74,122,0,80,2,-2,7,7,7,-1,14
195,71,123,0,80,11,-3,7,4,4,-1,13
196,74,123,0,80,2,3,7,7,7,1,14
197,74,124,0,80,2,0,7,7,7,0,14
198,69,124,0,80,9,-5,7,2,2,-1,13
199,71,125,1,105,11,2,7,4,4,1,14
200,67,126,1,80,7,-4,7,0,0,-1,13
201,67,127,4,80,7,0,7,0,0,0,13
