,midi_note,onset,duration,velocity,pitch_class,interval,root,relative_pitch,relative_pitch_class,parsons_code,parsons_cumsum
0,73,0,1,105,1,0,9,4,4,0,0
1,74,1,1,80,2,1,9,5,5,1,1
2,76,2,1,105,4,2,9,7,7,1,2
3,81,3,1,80,9,5,9,12,0,1,3
4,81,4,1,80,9,0,9,12,0,0,3
5,69,5,1,80,9,-12,9,0,0,-1,2
6,69,6,1,95,9,0,9,0,0,0,2
7,71,7,1,80,11,2,9,2,2,1,3
8,69,8,1,80,9,-2,9,0,0,-1,2
9,66,9,1,80,6,-3,9,-3,9,-1,1
10,64,10,1,105,4,-2,9,-5,7,-1,0
11,66,11,1,80,6,2,9,-3,9,1,1
12,69,12,1,80,9,3,9,0,0,1,2
13,71,13,1,80,11,2,9,2,2,1,3
14,73,14,1,95,1,2,9,4,4,1,4
15,71,15,1,80,11,-2,9,2,2,-1,3
16,69,16,1,80,9,-2,9,0,0,-1,2
17,73,17,1,80,1,4,9,4,4,1,3
18,71,18,2,105,11,-2,9,2,2,-1,2
19,71,20,0,80,11,0,9,2,2,0,2
20,69,20,0,80,9,-2,9,0,0,-1,1
21,71,21,1,80,11,2,9,2,2,1,2
22,71,22,2,95,11,0,9,2,2,0,2
23,69,24,1,80,9,-2,9,0,0,-1,1
24,73,25,1,80,1,4,9,4,4,1,2
25,71,26,1,105,11,-2,9,2,2,-1,1
26,73,27,1,80,1,2,9,4,4,1,2
27,74,28,1,80,2,1,9,5,5,1,3
28,76,29,1,80,4,2,9,7,7,1,4
29,78,30,1,95,6,2,9,9,9,1,5
30,76,31,1,80,4,-2,9,7,7,-1,4
31,73,32,1,80,1,-3,9,4,4,-1,3
32,76,33,1,80,4,3,9,7,7,1,4
33,81,34,1,105,9,5,9,12,0,1,5
34,78,35,1,80,6,-3,9,9,9,-1,4
35,76,36,1,80,4,-2,9,7,7,-1,3
36,73,37,1,80,1,-3,9,4,4,-1,2
37,69,38,1,95,9,-4,9,0,0,-1,1
38,71,39,1,80,11,2,9,2,2,1,2
39,69,40,1,80,9,-2,9,0,0,-1,1
40,68,41,1,80,8,-1,9,-1,11,-1,0
41,66,42,1,105,6,-2,9,-3,9,-1,-1
42,68,43,1,80,8,2,9,-1,11,1,0
43,69,44,1,80,9,1,9,0,0,1,1
44,71,45,1,80,11,2,9,2,2,1,2
45,73,46,1,95,1,2,9,4,4,1,3
46,71,47,1,80,11,-2,9,2,2,-1,2
47,69,48,1,80,9,-2,9,0,0,-1,1
48,73,49,1,80,1,4,9,4,4,1,2
49,74,50,1,105,2,1,9,5,5,1,3
50,73,51,1,80,1,-1,9,4,4,-1,2
51,74,52,1,80,2,1,9,5,5,1,3
52,76,53,1,80,4,2,9,7,7,1,4
53,78,54,2,95,6,2,9,9,9,1,5
54,81,56,1,80,9,3,9,12,0,1,6
55,78,57,1,80,6,-3,9,9,9,-1,5
56,76,58,1,105,4,-2,9,7,7,-1,4
57,74,59,1,80,2,-2,9,5,5,-1,3
58,73,60,1,80,1,-1,9,4,4,-1,2
59,71,61,1,80,11,-2,9,2,2,-1,1
60,69,62,2,95,9,-2,9,0,0,-1,0
61,73,64,1,80,1,4,9,4,4,1,1
62,74,65,1,80,2,1,9,5,5,1,2
63,76,66,1,105,4,2,9,7,7,1,3
64,81,67,1,80,9,5,9,12,0,1,4
65,81,68,1,80,9,0,9,12,0,0,4
66,69,69,1,80,9,-12,9,0,0,-1,3
67,69,70,1,95,9,0,9,0,0,0,3
68,71,71,1,80,11,2,9,2,2,1,4
69,69,72,1,80,9,-2,9,0,0,-1,3
70,66,73,1,80,6,-3,9,-3,9,-1,2
71,64,74,1,105,4,-2,9,-5,7,-1,1
72,66,75,1,80,6,2,9,-3,9,1,2
73,69,76,1,80,9,3,9,0,0,1,3
74,71,77,1,80,11,2,9,2,2,1,4
75,73,78,1,95,1,2,9,4,4,1,5
76,71,79,1,80,11,-2,9,2,2,-1,4
77,69,80,1,80,9,-2,9,0,0,-1,3
78,73,81,1,80,1,4,9,4,4,1,4
79,71,82,2,105,11,-2,9,2,2,-1,3
80,71,84,0,80,11,0,9,2,2,0,3
81,69,84,0,80,9,-2,9,0,0,-1,2
82,71,85,1,80,11,2,9,2,2,1,3
83,71,86,2,95,11,0,9,2,2,0,3
84,69,88,1,80,9,-2,9,0,0,-1,2
85,73,89,1,80,1,4,9,4,4,1,3
86,71,90,1,105,11,-2,9,2,2,-1,2
87,73,91,1,80,1,2,9,4,4,1,3
88,74,92,1,80,2,1,9,5,5,1,4
89,76,93,1,80,4,2,9,7,7,1,5
90,78,94,1,95,6,2,9,9,9,1,6
91,76,95,1,80,4,-2,9,7,7,-1,5
92,73,96,1,80,1,-3,9,4,4,-1,4
93,76,97,1,80,4,3,9,7,7,1,5
94,81,98,1,105,9,5,9,12,0,1,6
95,78,99,1,80,6,-3,9,9,9,-1,5
96,76,100,1,80,4,-2,9,7,7,-1,4
97,73,101,1,80,1,-3,9,4,4,-1,3
98,69,102,1,95,9,-4,9,0,0,-1,2
99,71,103,1,80,11,2,9,2,2,1,3
100,69,104,1,80,9,-2,9,0,0,-1,2
101,68,105,1,80,8,-1,9,-1,11,-1,1
102,66,106,1,105,6,-2,9,-3,9,-1,0
103,68,107,1,80,8,2,9,-1,11,1,1
104,69,108,1,80,9,1,9,0,0,1,2
105,71,109,1,80,11,2,9,2,2,1,3
106,73,110,1,95,1,2,9,4,4,1,4
107,71,111,1,80,11,-2,9,2,2,-1,3
108,69,112,1,80,9,-2,9,0,0,-1,2
109,73,113,1,80,1,4,9,4,4,1,3
110,74,114,1,105,2,1,9,5,5,1,4
111,73,115,1,80,1,-1,9,4,4,-1,3
112,74,116,1,80,2,1,9,5,5,1,4
113,76,117,1,80,4,2,9,7,7,1,5
114,78,118,2,95,6,2,9,9,9,1,6
115,81,120,1,80,9,3,9,12,0,1,7
116,78,121,1,80,6,-3,9,9,9,-1,6
117,76,122,1,105,4,-2,9,7,7,-1,5
118,74,123,1,80,2,-2,9,5,5,-1,4
119,73,124,1,80,1,-1,9,4,4,-1,3
120,71,125,1,80,11,-2,9,2,2,-1,2
121,69,126,2,95,9,-2,9,0,0,-1,1
122,69,128,1,80,9,0,9,0,0,0,1
123,71,129,1,80,11,2,9,2,2,1,2
124,73,130,0,105,1,2,9,4,4,1,3
125,71,130,0,80,11,-2,9,2,2,-1,2
126,69,131,0,80,9,-2,9,0,0,-1,1
127,76,132,1,80,4,7,9,7,7,1,2
128,69,133,1,80,9,-7,9,0,0,-1,1
129,73,134,0,95,1,4,9,4,4,1,2
130,71,134,0,80,11,-2,9,2,2,-1,1
131,69,135,0,80,9,-2,9,0,0,-1,0
132,76,136,1,80,4,7,9,7,7,1,1
133,81,137,1,80,9,5,9,12,0,1,2
134,73,138,0,105,1,-8,9,4,4,-1,1
135,71,138,0,80,11,-2,9,2,2,-1,0
136,69,139,0,80,9,-2,9,0,0,-1,-1
137,73,140,0,80,1,4,9,4,4,1,0
138,71,140,0,80,11,-2,9,2,2,-1,-1
139,69,141,0,80,9,-2,9,0,0,-1,-2
140,81,142,1,95,9,12,9,12,0,1,-1
141,78,143,1,80,6,-3,9,9,9,-1,-2
142,76,144,1,80,4,-2,9,7,7,-1,-3
143,73,145,1,80,1,-3,9,4,4,-1,-4
144,74,146,1,105,2,1,9,5,5,1,-3
145,73,147,0,80,1,-1,9,4,4,-1,-4
146,74,147,0,80,2,1,9,5,5,1,-3
147,78,148,1,80,6,4,9,9,9,1,-2
148,74,149,1,80,2,-4,9,5,5,-1,-3
149,81,150,1,95,9,7,9,12,0,1,-2
150,74,151,1,80,2,-7,9,5,5,-1,-3
151,78,152,1,80,6,4,9,9,9,1,-2
152,73,153,1,80,1,-5,9,4,4,-1,-3
153,74,154,1,105,2,1,9,5,5,1,-2
154,76,155,1,80,4,2,9,7,7,1,-1
155,78,156,1,80,6,2,9,9,9,1,0
156,80,157,1,80,8,2,9,11,11,1,1
157,81,158,1,95,9,1,9,12,0,1,2
158,78,159,1,80,6,-3,9,9,9,-1,1
159,74,160,1,80,2,-4,9,5,5,-1,0
160,74,161,1,80,2,0,9,5,5,0,0
161,73,162,0,105,1,-1,9,4,4,-1,-1
162,71,162,0,80,11,-2,9,2,2,-1,-2
163,69,163,0,80,9,-2,9,0,0,-1,-3
164,76,164,1,80,4,7,9,7,7,1,-2
165,81,165,1,80,9,5,9,12,0,1,-1
166,78,166,1,95,6,-3,9,9,9,-1,-2
167,81,167,1,80,9,3,9,12,0,1,-1
168,76,168,1,80,4,-5,9,7,7,-1,-2
169,74,169,1,80,2,-2,9,5,5,-1,-3
170,73,170,0,105,1,-1,9,4,4,-1,-4
171,71,170,0,80,11,-2,9,2,2,-1,-5
172,69,171,0,80,9,-2,9,0,0,-1,-6
173,73,172,1,80,1,4,9,4,4,1,-5
174,76,173,1,80,4,3,9,7,7,1,-4
175,78,174,2,95,6,2,9,9,9,1,-3
176,76,176,1,80,4,-2,9,7,7,-1,-4
177,73,177,1,80,1,-3,9,4,4,-1,-5
178,71,178,1,105,11,-2,9,2,2,-1,-6
179,73,179,1,80,1,2,9,4,4,1,-5
180,74,180,1,80,2,1,9,5,5,1,-4
181,76,181,1,80,4,2,9,7,7,1,-3
182,78,182,2,95,6,2,9,9,9,1,-2
183,81,184,1,80,9,3,9,12,0,1,-1
184,78,185,1,80,6,-3,9,9,9,-1,-2
185,76,186,1,105,4,-2,9,7,7,-1,-3
186,73,187,1,80,1,-3,9,4,4,-1,-4
187,71,188,1,80,11,-2,9,2,2,-1,-5
188,68,189,1,80,8,-3,9,-1,11,-1,-6
189,69,190,2,95,9,1,9,0,0,1,-5
190,69,192,1,80,9,0,9,0,0,0,-5
191,71,193,1,80,11,2,9,2,2,1,-4
192,73,194,0,105,1,2,9,4,4,1,-3
193,71,194,0,80,11,-2,9,2,2,-1,-4
194,69,195,0,80,9,-2,9,0,0,-1,-5
195,76,196,1,80,4,7,9,7,7,1,-4
196,69,197,1,80,9,-7,9,0,0,-1,-5
197,73,198,0,95,1,4,9,4,4,1,-4
198,71,198,0,80,11,-2,9,2,2,-1,-5
199,69,199,0,80,9,-2,9,0,0,-1,-6
200,76,200,1,80,4,7,9,7,7,1,-5
201,81,201,1,80,9,5,9,12,0,1,-4
202,73,202,0,105,1,-8,9,4,4,-1,-5
203,71,202,0,80,11,-2,9,2,2,-1,-6
204,69,203,0,80,9,-2,9,0,0,-1,-7
205,73,204,0,80,1,4,9,4,4,1,-6
206,71,204,0,80,11,-2,9,2,2,-1,-7
207,69,205,0,80,9,-2,9,0,0,-1,-8
208,81,206,1,95,9,12,9,12,0,1,-7
209,78,207,1,80,6,-3,9,9,9,-1,-8
210,76,208,1,80,4,-2,9,7,7,-1,-9
211,73,209,1,80,1,-3,9,4,4,-1,-10
212,74,210,1,105,2,1,9,5,5,1,-9
213,73,211,0,80,1,-1,9,4,4,-1,-10
214,74,211,0,80,2,1,9,5,5,1,-9
215,78,212,1,80,6,4,9,9,9,1,-8
216,74,213,1,80,2,-4,9,5,5,-1,-9
217,81,214,1,95,9,7,9,12,0,1,-8
218,74,215,1,80,2,-7,9,5,5,-1,-9
219,78,216,1,80,6,4,9,9,9,1,-8
220,73,217,1,80,1,-5,9,4,4,-1,-9
221,74,218,1,105,2,1,9,5,5,1,-8
222,76,219,1,80,4,2,9,7,7,1,-7
223,78,220,1,80,6,2,9,9,9,1,-6
224,80,221,1,80,8,2,9,11,11,1,-5
225,81,222,1,95,9,1,9,12,0,1,-4
226,78,223,1,80,6,-3,9,9,9,-1,-5
227,74,224,1,80,2,-4,9,5,5,-1,-6
228,74,225,1,80,2,0,9,5,5,0,-6
229,73,226,0,105,1,-1,9,4,4,-1,-7
230,71,226,0,80,11,-2,9,2,2,-1,-8
231,69,227,0,80,9,-2,9,0,0,-1,-9
232,76,228,1,80,4,7,9,7,7,1,-8
233,81,229,1,80,9,5,9,12,0,1,-7
234,78,230,1,95,6,-3,9,9,9,-1,-8
235,81,231,1,80,9,3,9,12,0,1,-7
236,76,232,1,80,4,-5,9,7,7,-1,-8
237,74,233,1,80,2,-2,9,5,5,-1,-9
238,73,234,0,105,1,-1,9,4,4,-1,-10
239,71,234,0,80,11,-2,9,2,2,-1,-11
240,69,235,0,80,9,-2,9,0,0,-1,-12
241,73,236,1,80,1,4,9,4,4,1,-11
242,76,237,1,80,4,3,9,7,7,1,-10
243,78,238,2,95,6,2,9,9,9,1,-9
244,76,240,1,80,4,-2,9,7,7,-1,-10
245,73,241,1,80,1,-3,9,4,4,-1,-11
246,71,242,1,105,11,-2,9,2,2,-1,-12
247,73,243,1,80,1,2,9,4,4,1,-11
248,74,244,1,80,2,1,9,5,5,1,-10
249,76,245,1,80,4,2,9,7,7,1,-9
250,78,246,2,95,6,2,9,9,9,1,-8
251,81,248,1,80,9,3,9,12,0,1,-7
252,78,249,1,80,6,-3,9,9,9,-1,-8
253,76,250,1,105,4,-2,9,7,7,-1,-9
254,73,251,1,80,1,-3,9,4,4,-1,-10
255,71,252,1,80,11,-2,9,2,2,-1,-11
256,68,253,1,80,8,-3,9,-1,11,-1,-12
257,69,254,2,95,9,1,9,0,0,1,-11
