,midi_note,onset,duration,velocity,pitch_class,interval,root,relative_pitch,relative_pitch_class,parsons_code,parsons_cumsum
0,74,0,1,105,2,0,4,10,10,0,0
1,72,1,1,80,0,-2,4,8,8,-1,-1
2,71,2,1,105,11,-1,4,7,7,-1,-2
3,64,3,1,80,4,-7,4,0,0,-1,-3
4,67,4,1,80,7,3,4,3,3,1,-2
5,64,5,1,80,4,-3,4,0,0,-1,-3
6,71,6,1,95,11,7,4,7,7,1,-2
7,73,7,1,80,1,2,4,9,9,1,-1
8,74,8,1,80,2,1,4,10,10,1,0
9,71,9,1,80,11,-3,4,7,7,-1,-1
10,69,10,1,105,9,-2,4,5,5,-1,-2
11,62,11,1,80,2,-7,4,-2,10,-1,-3
12,66,12,1,80,6,4,4,2,2,1,-2
13,62,13,1,80,2,-4,4,-2,10,-1,-3
14,66,14,1,95,6,4,4,2,2,1,-2
15,67,15,1,80,7,1,4,3,3,1,-1
16,69,16,1,80,9,2,4,5,5,1,0
17,73,17,1,80,1,4,4,9,9,1,1
18,71,18,1,105,11,-2,4,7,7,-1,0
19,64,19,1,80,4,-7,4,0,0,-1,-1
20,67,20,1,80,7,3,4,3,3,1,0
21,64,21,1,80,4,-3,4,0,0,-1,-1
22,71,22,1,95,11,7,4,7,7,1,0
23,73,23,1,80,1,2,4,9,9,1,1
24,74,24,1,80,2,1,4,10,10,1,2
25,78,25,1,80,6,4,4,14,2,1,3
26,79,26,1,105,7,1,4,15,3,1,4
27,78,27,1,80,6,-1,4,14,2,-1,3
28,76,28,1,80,4,-2,4,12,0,-1,2
29,74,29,1,80,2,-2,4,10,10,-1,1
30,71,30,1,95,11,-3,4,7,7,-1,0
31,76,31,1,80,4,5,4,12,0,1,1
32,74,32,1,80,2,-2,4,10,10,-1,0
33,73,33,1,80,1,-1,4,9,9,-1,-1
34,71,34,1,105,11,-2,4,7,7,-1,-2
35,64,35,1,80,4,-7,4,0,0,-1,-3
36,67,36,1,80,7,3,4,3,3,1,-2
37,64,37,1,80,4,-3,4,0,0,-1,-3
38,71,38,1,95,11,7,4,7,7,1,-2
39,73,39,1,80,1,2,4,9,9,1,-1
40,74,40,1,80,2,1,4,10,10,1,0
41,71,41,1,80,11,-3,4,7,7,-1,-1
42,69,42,1,105,9,-2,4,5,5,-1,-2
43,62,43,1,80,2,-7,4,-2,10,-1,-3
44,66,44,1,80,6,4,4,2,2,1,-2
45,62,45,1,80,2,-4,4,-2,10,-1,-3
46,66,46,1,95,6,4,4,2,2,1,-2
47,67,47,1,80,7,1,4,3,3,1,-1
48,69,48,1,80,9,2,4,5,5,1,0
49,73,49,1,80,1,4,4,9,9,1,1
50,71,50,1,105,11,-2,4,7,7,-1,0
51,64,51,1,80,4,-7,4,0,0,-1,-1
52,67,52,1,80,7,3,4,3,3,1,0
53,64,53,1,80,4,-3,4,0,0,-1,-1
54,71,54,1,95,11,7,4,7,7,1,0
55,73,55,1,80,1,2,4,9,9,1,1
56,74,56,1,80,2,1,4,10,10,1,2
57,78,57,1,80,6,4,4,14,2,1,3
58,79,58,1,105,7,1,4,15,3,1,4
59,78,59,1,80,6,-1,4,14,2,-1,3
60,76,60,1,80,4,-2,4,12,0,-1,2
61,74,61,1,80,2,-2,4,10,10,-1,1
62,71,62,1,95,11,-3,4,7,7,-1,0
63,76,63,1,80,4,5,4,12,0,1,1
64,76,64,1,80,4,0,4,12,0,0,1
65,81,65,1,80,9,5,4,17,5,1,2
66,79,66,1,105,7,-2,4,15,3,-1,1
67,76,67,1,80,4,-3,4,12,0,-1,0
68,83,68,1,80,11,7,4,19,7,1,1
69,76,69,1,80,4,-7,4,12,0,-1,0
70,79,70,1,95,7,3,4,15,3,1,1
71,83,71,1,80,11,4,4,19,7,1,2
72,76,72,1,80,4,-7,4,12,0,-1,1
73,79,73,1,80,7,3,4,15,3,1,2
74,79,74,1,105,7,0,4,15,3,0,2
75,74,75,1,80,2,-5,4,10,10,-1,1
76,81,76,1,80,9,7,4,17,5,1,2
77,74,77,1,80,2,-7,4,10,10,-1,1
78,78,78,1,95,6,4,4,14,2,1,2
79,74,79,1,80,2,-4,4,10,10,-1,1
80,74,80,1,80,2,0,4,10,10,0,1
81,78,81,1,80,6,4,4,14,2,1,2
82,79,82,1,105,7,1,4,15,3,1,3
83,76,83,1,80,4,-3,4,12,0,-1,2
84,83,84,1,80,11,7,4,19,7,1,3
85,76,85,1,80,4,-7,4,12,0,-1,2
86,79,86,1,95,7,3,4,15,3,1,3
87,83,87,1,80,11,4,4,19,7,1,4
88,76,88,1,80,4,-7,4,12,0,-1,3
89,78,89,1,80,6,2,4,14,2,1,4
90,79,90,2,105,7,1,4,15,3,1,5
91,76,92,1,80,4,-3,4,12,0,-1,4
92,74,93,1,80,2,-2,4,10,10,-1,3
93,71,94,1,95,11,-3,4,7,7,-1,2
94,76,95,1,80,4,5,4,12,0,1,3
95,76,96,1,80,4,0,4,12,0,0,3
96,81,97,1,80,9,5,4,17,5,1,4
97,79,98,1,105,7,-2,4,15,3,-1,3
98,76,99,1,80,4,-3,4,12,0,-1,2
99,83,100,1,80,11,7,4,19,7,1,3
100,76,101,1,80,4,-7,4,12,0,-1,2
101,79,102,1,95,7,3,4,15,3,1,3
102,83,103,1,80,11,4,4,19,7,1,4
103,76,104,1,80,4,-7,4,12,0,-1,3
104,79,105,1,80,7,3,4,15,3,1,4
105,79,106,1,105,7,0,4,15,3,0,4
106,74,107,1,80,2,-5,4,10,10,-1,3
107,81,108,1,80,9,7,4,17,5,1,4
108,74,109,1,80,2,-7,4,10,10,-1,3
109,78,110,1,95,6,4,4,14,2,1,4
110,79,111,1,80,7,1,4,15,3,1,5
111,81,112,1,80,9,2,4,17,5,1,6
112,78,113,1,80,6,-3,4,14,2,-1,5
113,79,114,2,105,7,1,4,15,3,1,6
114,83,116,1,80,11,4,4,19,7,1,7
115,79,117,1,80,7,-4,4,15,3,-1,6
116,74,118,1,95,2,-5,4,10,10,-1,5
117,79,119,1,80,7,5,4,15,3,1,6
118,83,120,1,80,11,4,4,19,7,1,7
119,78,121,1,80,6,-5,4,14,2,-1,6
120,79,122,1,105,7,1,4,15,3,1,7
121,78,123,1,80,6,-1,4,14,2,-1,6
122,76,124,1,80,4,-2,4,12,0,-1,5
123,74,125,1,80,2,-2,4,10,10,-1,4
124,71,126,1,95,11,-3,4,7,7,-1,3
125,76,127,1,80,4,5,4,12,0,1,4
126,74,128,1,80,2,-2,4,10,10,-1,3
127,73,129,1,80,1,-1,4,9,9,-1,2
