,midi_note,onset,duration,velocity,pitch_class,interval,root,relative_pitch,relative_pitch_class,parsons_code,parsons_cumsum
0,74,0,1,105,2,0,2,12,0,0,0
1,76,1,1,80,4,2,2,14,2,1,1
2,78,2,1,105,6,2,2,16,4,1,2
3,76,3,1,80,4,-2,2,14,2,-1,1
4,74,4,1,80,2,-2,2,12,0,-1,0
5,72,5,1,80,0,-2,2,10,10,-1,-1
6,69,6,1,95,9,-3,2,7,7,-1,-2
7,62,7,1,80,2,-7,2,0,0,-1,-3
8,62,8,1,80,2,0,2,0,0,0,-3
9,64,9,1,80,4,2,2,2,2,1,-2
10,66,10,1,105,6,2,2,4,4,1,-1
11,67,11,1,80,7,1,2,5,5,1,0
12,69,12,1,80,9,2,2,7,7,1,1
13,71,13,1,80,11,2,2,9,9,1,2
14,72,14,1,95,0,1,2,10,10,1,3
15,71,15,1,80,11,-1,2,9,9,-1,2
16,69,16,1,80,9,-2,2,7,7,-1,1
17,67,17,1,80,7,-2,2,5,5,-1,0
18,78,18,1,105,6,11,2,16,4,1,1
19,74,19,1,80,2,-4,2,12,0,-1,0
20,76,20,1,80,4,2,2,14,2,1,1
21,72,21,1,80,0,-4,2,10,10,-1,0
22,74,22,1,95,2,2,2,12,0,1,1
23,72,23,1,80,0,-2,2,10,10,-1,0
24,69,24,1,80,9,-3,2,7,7,-1,-1
25,67,25,1,80,7,-2,2,5,5,-1,-2
26,69,26,1,105,9,2,2,7,7,1,-1
27,74,27,1,80,2,5,2,12,0,1,0
28,72,28,1,80,0,-2,2,10,10,-1,-1
29,76,29,1,80,4,4,2,14,2,1,0
30,74,30,1,95,2,-2,2,12,0,-1,-1
31,79,31,1,80,7,5,2,17,5,1,0
32,78,32,1,80,6,-1,2,16,4,-1,-1
33,76,33,1,80,4,-2,2,14,2,-1,-2
34,74,34,1,105,2,-2,2,12,0,-1,-3
35,78,35,1,80,6,4,2,16,4,1,-2
36,76,36,1,80,4,-2,2,14,2,-1,-3
37,72,37,1,80,0,-4,2,10,10,-1,-4
38,74,38,1,95,2,2,2,12,0,1,-3
39,78,39,1,80,6,4,2,16,4,1,-2
40,76,40,1,80,4,-2,2,14,2,-1,-3
41,74,41,1,80,2,-2,2,12,0,-1,-4
42,72,42,1,105,0,-2,2,10,10,-1,-5
43,69,43,1,80,9,-3,2,7,7,-1,-6
44,69,44,1,80,9,0,2,7,7,0,-6
45,71,45,1,80,11,2,2,9,9,1,-5
46,72,46,1,95,0,1,2,10,10,1,-4
47,74,47,1,80,2,2,2,12,0,1,-3
48,76,48,1,80,4,2,2,14,2,1,-2
49,72,49,1,80,0,-4,2,10,10,-1,-3
50,74,50,2,105,2,2,2,12,0,1,-2
51,76,52,1,80,4,2,2,14,2,1,-1
52,74,53,1,80,2,-2,2,12,0,-1,-2
53,72,54,1,95,0,-2,2,10,10,-1,-3
54,69,55,1,80,9,-3,2,7,7,-1,-4
55,69,56,1,80,9,0,2,7,7,0,-4
56,71,57,1,80,11,2,2,9,9,1,-3
57,72,58,1,105,0,1,2,10,10,1,-2
58,69,59,1,80,9,-3,2,7,7,-1,-3
59,67,60,1,80,7,-2,2,5,5,-1,-4
60,64,61,1,80,4,-3,2,2,2,-1,-5
61,66,62,1,95,6,2,2,4,4,1,-4
62,62,63,1,80,2,-4,2,0,0,-1,-5
63,74,64,1,80,2,12,2,12,0,1,-4
64,76,65,1,80,4,2,2,14,2,1,-3
65,78,66,1,105,6,2,2,16,4,1,-2
66,76,67,1,80,4,-2,2,14,2,-1,-3
67,74,68,1,80,2,-2,2,12,0,-1,-4
68,72,69,1,80,0,-2,2,10,10,-1,-5
69,69,70,1,95,9,-3,2,7,7,-1,-6
70,62,71,1,80,2,-7,2,0,0,-1,-7
71,62,72,1,80,2,0,2,0,0,0,-7
72,64,73,1,80,4,2,2,2,2,1,-6
73,66,74,1,105,6,2,2,4,4,1,-5
74,67,75,1,80,7,1,2,5,5,1,-4
75,69,76,1,80,9,2,2,7,7,1,-3
76,71,77,1,80,11,2,2,9,9,1,-2
77,72,78,1,95,0,1,2,10,10,1,-1
78,71,79,1,80,11,-1,2,9,9,-1,-2
79,69,80,1,80,9,-2,2,7,7,-1,-3
80,67,81,1,80,7,-2,2,5,5,-1,-4
81,78,82,1,105,6,11,2,16,4,1,-3
82,74,83,1,80,2,-4,2,12,0,-1,-4
83,76,84,1,80,4,2,2,14,2,1,-3
84,72,85,1,80,0,-4,2,10,10,-1,-4
85,74,86,1,95,2,2,2,12,0,1,-3
86,72,87,1,80,0,-2,2,10,10,-1,-4
87,69,88,1,80,9,-3,2,7,7,-1,-5
88,67,89,1,80,7,-2,2,5,5,-1,-6
89,69,90,1,105,9,2,2,7,7,1,-5
90,74,91,1,80,2,5,2,12,0,1,-4
91,72,92,1,80,0,-2,2,10,10,-1,-5
92,76,93,1,80,4,4,2,14,2,1,-4
93,74,94,1,95,2,-2,2,12,0,-1,-5
94,79,95,1,80,7,5,2,17,5,1,-4
95,78,96,1,80,6,-1,2,16,4,-1,-5
96,76,97,1,80,4,-2,2,14,2,-1,-6
97,74,98,1,105,2,-2,2,12,0,-1,-7
98,78,99,1,80,6,4,2,16,4,1,-6
99,76,100,1,80,4,-2,2,14,2,-1,-7
100,72,101,1,80,0,-4,2,10,10,-1,-8
101,74,102,1,95,2,2,2,12,0,1,-7
102,78,103,1,80,6,4,2,16,4,1,-6
103,76,104,1,80,4,-2,2,14,2,-1,-7
104,74,105,1,80,2,-2,2,12,0,-1,-8
105,72,106,1,105,0,-2,2,10,10,-1,-9
106,69,107,1,80,9,-3,2,7,7,-1,-10
107,69,108,1,80,9,0,2,7,7,0,-10
108,71,109,1,80,11,2,2,9,9,1,-9
109,72,110,1,95,0,1,2,10,10,1,-8
110,74,111,1,80,2,2,2,12,0,1,-7
111,76,112,1,80,4,2,2,14,2,1,-6
112,72,113,1,80,0,-4,2,10,10,-1,-7
113,74,114,2,105,2,2,2,12,0,1,-6
114,76,116,1,80,4,2,2,14,2,1,-5
115,74,117,1,80,2,-2,2,12,0,-1,-6
116,72,118,1,95,0,-2,2,10,10,-1,-7
117,69,119,1,80,9,-3,2,7,7,-1,-8
118,69,120,1,80,9,0,2,7,7,0,-8
119,71,121,1,80,11,2,2,9,9,1,-7
120,72,122,1,105,0,1,2,10,10,1,-6
121,69,123,1,80,9,-3,2,7,7,-1,-7
122,67,124,1,80,7,-2,2,5,5,-1,-8
123,64,125,1,80,4,-3,2,2,2,-1,-9
124,66,126,1,95,6,2,2,4,4,1,-8
125,62,127,1,80,2,-4,2,0,0,-1,-9
126,74,128,1,80,2,12,2,12,0,1,-8
127,76,129,1,80,4,2,2,14,2,1,-7
128,78,130,1,105,6,2,2,16,4,1,-6
129,74,131,1,80,2,-4,2,12,0,-1,-7
130,74,132,1,80,2,0,2,12,0,0,-7
131,76,133,1,80,4,2,2,14,2,1,-6
132,78,134,1,95,6,2,2,16,4,1,-5
133,74,135,1,80,2,-4,2,12,0,-1,-6
134,76,136,1,80,4,2,2,14,2,1,-5
135,74,137,1,80,2,-2,2,12,0,-1,-6
136,72,138,1,105,0,-2,2,10,10,-1,-7
137,69,139,1,80,9,-3,2,7,7,-1,-8
138,69,140,1,80,9,0,2,7,7,0,-8
139,71,141,1,80,11,2,2,9,9,1,-7
140,72,142,1,95,0,1,2,10,10,1,-6
141,74,143,1,80,2,2,2,12,0,1,-5
142,76,144,1,80,4,2,2,14,2,1,-4
143,81,145,1,80,9,5,2,19,7,1,-3
144,78,146,1,105,6,-3,2,16,4,-1,-4
145,81,147,1,80,9,3,2,19,7,1,-3
146,79,148,1,80,7,-2,2,17,5,-1,-4
147,76,149,1,80,4,-3,2,14,2,-1,-5
148,78,150,1,95,6,2,2,16,4,1,-4
149,74,151,1,80,2,-4,2,12,0,-1,-5
150,74,152,1,80,2,0,2,12,0,0,-5
151,72,153,1,80,0,-2,2,10,10,-1,-6
152,69,154,1,105,9,-3,2,7,7,-1,-7
153,71,155,1,80,11,2,2,9,9,1,-6
154,72,156,1,80,0,1,2,10,10,1,-5
155,74,157,1,80,2,2,2,12,0,1,-4
156,76,158,1,95,4,2,2,14,2,1,-3
157,81,159,1,80,9,5,2,19,7,1,-2
158,81,160,1,80,9,0,2,19,7,0,-2
159,79,161,1,80,7,-2,2,17,5,-1,-3
160,78,162,1,105,6,-1,2,16,4,-1,-4
161,74,163,1,80,2,-4,2,12,0,-1,-5
162,74,164,1,80,2,0,2,12,0,0,-5
163,76,165,1,80,4,2,2,14,2,1,-4
164,78,166,1,95,6,2,2,16,4,1,-3
165,74,167,1,80,2,-4,2,12,0,-1,-4
166,76,168,1,80,4,2,2,14,2,1,-3
167,74,169,1,80,2,-2,2,12,0,-1,-4
168,72,170,1,105,0,-2,2,10,10,-1,-5
169,69,171,1,80,9,-3,2,7,7,-1,-6
170,69,172,1,80,9,0,2,7,7,0,-6
171,71,173,1,80,11,2,2,9,9,1,-5
172,72,174,1,95,0,1,2,10,10,1,-4
173,74,175,1,80,2,2,2,12,0,1,-3
174,76,176,1,80,4,2,2,14,2,1,-2
175,81,177,1,80,9,5,2,19,7,1,-1
176,78,178,1,105,6,-3,2,16,4,-1,-2
177,74,179,1,80,2,-4,2,12,0,-1,-3
178,76,180,1,80,4,2,2,14,2,1,-2
179,72,181,1,80,0,-4,2,10,10,-1,-3
180,74,182,1,95,2,2,2,12,0,1,-2
181,72,183,1,80,0,-2,2,10,10,-1,-3
182,69,184,1,80,9,-3,2,7,7,-1,-4
183,67,185,1,80,7,-2,2,5,5,-1,-5
184,72,186,1,105,0,5,2,10,10,1,-4
185,69,187,1,80,9,-3,2,7,7,-1,-5
186,67,188,1,80,7,-2,2,5,5,-1,-6
187,64,189,1,80,4,-3,2,2,2,-1,-7
188,66,190,1,95,6,2,2,4,4,1,-6
189,62,191,1,80,2,-4,2,0,0,-1,-7
190,74,192,1,80,2,12,2,12,0,1,-6
191,76,193,1,80,4,2,2,14,2,1,-5
192,78,194,1,105,6,2,2,16,4,1,-4
193,74,195,1,80,2,-4,2,12,0,-1,-5
194,74,196,1,80,2,0,2,12,0,0,-5
195,76,197,1,80,4,2,2,14,2,1,-4
196,78,198,1,95,6,2,2,16,4,1,-3
197,74,199,1,80,2,-4,2,12,0,-1,-4
198,76,200,1,80,4,2,2,14,2,1,-3
199,74,201,1,80,2,-2,2,12,0,-1,-4
200,72,202,1,105,0,-2,2,10,10,-1,-5
201,69,203,1,80,9,-3,2,7,7,-1,-6
202,69,204,1,80,9,0,2,7,7,0,-6
203,71,205,1,80,11,2,2,9,9,1,-5
204,72,206,1,95,0,1,2,10,10,1,-4
205,74,207,1,80,2,2,2,12,0,1,-3
206,76,208,1,80,4,2,2,14,2,1,-2
207,81,209,1,80,9,5,2,19,7,1,-1
208,78,210,1,105,6,-3,2,16,4,-1,-2
209,81,211,1,80,9,3,2,19,7,1,-1
210,79,212,1,80,7,-2,2,17,5,-1,-2
211,76,213,1,80,4,-3,2,14,2,-1,-3
212,78,214,1,95,6,2,2,16,4,1,-2
213,74,215,1,80,2,-4,2,12,0,-1,-3
214,74,216,1,80,2,0,2,12,0,0,-3
215,72,217,1,80,0,-2,2,10,10,-1,-4
216,69,218,1,105,9,-3,2,7,7,-1,-5
217,71,219,1,80,11,2,2,9,9,1,-4
218,72,220,1,80,0,1,2,10,10,1,-3
219,74,221,1,80,2,2,2,12,0,1,-2
220,76,222,1,95,4,2,2,14,2,1,-1
221,81,223,1,80,9,5,2,19,7,1,0
222,81,224,1,80,9,0,2,19,7,0,0
223,79,225,1,80,7,-2,2,17,5,-1,-1
224,78,226,1,105,6,-1,2,16,4,-1,-2
225,74,227,1,80,2,-4,2,12,0,-1,-3
226,74,228,1,80,2,0,2,12,0,0,-3
227,76,229,1,80,4,2,2,14,2,1,-2
228,78,230,1,95,6,2,2,16,4,1,-1
229,74,231,1,80,2,-4,2,12,0,-1,-2
230,76,232,1,80,4,2,2,14,2,1,-1
231,74,233,1,80,2,-2,2,12,0,-1,-2
232,72,234,1,105,0,-2,2,10,10,-1,-3
233,69,235,1,80,9,-3,2,7,7,-1,-4
234,69,236,1,80,9,0,2,7,7,0,-4
235,71,237,1,80,11,2,2,9,9,1,-3
236,72,238,1,95,0,1,2,10,10,1,-2
237,74,239,1,80,2,2,2,12,0,1,-1
238,76,240,1,80,4,2,2,14,2,1,0
239,81,241,1,80,9,5,2,19,7,1,1
240,78,242,1,105,6,-3,2,16,4,-1,0
241,74,243,1,80,2,-4,2,12,0,-1,-1
242,76,244,1,80,4,2,2,14,2,1,0
243,72,245,1,80,0,-4,2,10,10,-1,-1
244,74,246,1,95,2,2,2,12,0,1,0
245,72,247,1,80,0,-2,2,10,10,-1,-1
246,69,248,1,80,9,-3,2,7,7,-1,-2
247,67,249,1,80,7,-2,2,5,5,-1,-3
248,72,250,1,105,0,5,2,10,10,1,-2
249,69,251,1,80,9,-3,2,7,7,-1,-3
250,67,252,1,80,7,-2,2,5,5,-1,-4
251,64,253,1,80,4,-3,2,2,2,-1,-5
252,66,254,1,95,6,2,2,4,4,1,-4
253,62,255,1,80,2,-4,2,0,0,-1,-5
254,72,256,1,80,0,10,2,10,10,1,-4
255,69,257,1,80,9,-3,2,7,7,-1,-5
256,67,258,1,95,7,-2,2,5,5,-1,-6
257,64,259,1,80,4,-3,2,2,2,-1,-7
258,66,260,1,80,6,2,2,4,4,1,-6
259,62,261,1,80,2,-4,2,0,0,-1,-7
260,62,262,10,95,2,0,2,0,0,0,-7
