,midi_note,onset,duration,velocity,pitch_class,interval,root,relative_pitch,relative_pitch_class,parsons_code,parsons_cumsum
0,69,0,1,105,9,0,2,7,7,0,0
1,62,1,1,80,2,-7,2,0,0,-1,-1
2,66,2,1,80,6,4,2,4,4,1,0
3,69,3,1,80,9,3,2,7,7,1,1
4,71,4,1,95,11,2,2,9,9,1,2
5,73,5,1,80,1,2,2,11,11,1,3
6,74,6,1,80,2,1,2,12,0,1,4
7,71,7,1,80,11,-3,2,9,9,-1,3
8,69,8,1,105,9,-2,2,7,7,-1,2
9,62,9,1,80,2,-7,2,0,0,-1,1
10,66,10,1,80,6,4,2,4,4,1,2
11,69,11,1,80,9,3,2,7,7,1,3
12,71,12,1,95,11,2,2,9,9,1,4
13,64,13,1,80,4,-7,2,2,2,-1,3
14,64,14,2,80,4,0,2,2,2,0,3
15,69,16,1,105,9,5,2,7,7,1,4
16,62,17,1,80,2,-7,2,0,0,-1,3
17,66,18,1,80,6,4,2,4,4,1,4
18,69,19,1,80,9,3,2,7,7,1,5
19,71,20,1,95,11,2,2,9,9,1,6
20,73,21,1,80,1,2,2,11,11,1,7
21,74,22,1,80,2,1,2,12,0,1,8
22,78,23,1,80,6,4,2,16,4,1,9
23,79,24,0,105,7,1,2,17,5,1,10
24,78,24,0,80,6,-1,2,16,4,-1,9
25,76,25,0,80,4,-2,2,14,2,-1,8
26,73,26,1,80,1,-3,2,11,11,-1,7
27,76,27,1,80,4,3,2,14,2,1,8
28,74,28,1,95,2,-2,2,12,0,-1,7
29,73,29,1,80,1,-1,2,11,11,-1,6
30,74,30,1,80,2,1,2,12,0,1,7
31,71,31,1,80,11,-3,2,9,9,-1,6
32,69,32,1,105,9,-2,2,7,7,-1,5
33,62,33,1,80,2,-7,2,0,0,-1,4
34,66,34,1,80,6,4,2,4,4,1,5
35,69,35,1,80,9,3,2,7,7,1,6
36,71,36,1,95,11,2,2,9,9,1,7
37,73,37,1,80,1,2,2,11,11,1,8
38,74,38,1,80,2,1,2,12,0,1,9
39,71,39,1,80,11,-3,2,9,9,-1,8
40,69,40,1,105,9,-2,2,7,7,-1,7
41,62,41,1,80,2,-7,2,0,0,-1,6
42,66,42,1,80,6,4,2,4,4,1,7
43,69,43,1,80,9,3,2,7,7,1,8
44,71,44,1,95,11,2,2,9,9,1,9
45,64,45,1,80,4,-7,2,2,2,-1,8
46,64,46,2,80,4,0,2,2,2,0,8
47,69,48,1,105,9,5,2,7,7,1,9
48,62,49,1,80,2,-7,2,0,0,-1,8
49,66,50,1,80,6,4,2,4,4,1,9
50,69,51,1,80,9,3,2,7,7,1,10
51,71,52,1,95,11,2,2,9,9,1,11
52,73,53,1,80,1,2,2,11,11,1,12
53,74,54,1,80,2,1,2,12,0,1,13
54,78,55,1,80,6,4,2,16,4,1,14
55,79,56,0,105,7,1,2,17,5,1,15
56,78,56,0,80,6,-1,2,16,4,-1,14
57,76,57,0,80,4,-2,2,14,2,-1,13
58,73,58,1,80,1,-3,2,11,11,-1,12
59,76,59,1,80,4,3,2,14,2,1,13
60,74,60,2,95,2,-2,2,12,0,-1,12
61,69,62,0,80,9,-5,2,7,7,-1,11
62,71,62,0,80,11,2,2,9,9,1,12
63,73,63,0,80,1,2,2,11,11,1,13
64,74,64,1,105,2,1,2,12,0,1,14
65,73,65,1,80,1,-1,2,11,11,-1,13
66,74,66,1,80,2,1,2,12,0,1,14
67,78,67,1,80,6,4,2,16,4,1,15
68,76,68,3,95,4,-2,2,14,2,-1,14
69,79,71,1,80,7,3,2,17,5,1,15
70,78,72,3,105,6,-1,2,16,4,-1,14
71,76,75,1,80,4,-2,2,14,2,-1,13
72,74,76,1,95,2,-2,2,12,0,-1,12
73,73,77,1,80,1,-1,2,11,11,-1,11
74,71,78,1,80,11,-2,2,9,9,-1,10
75,69,79,1,80,9,-2,2,7,7,-1,9
76,74,80,1,105,2,5,2,12,0,1,10
77,73,81,1,80,1,-1,2,11,11,-1,9
78,74,82,1,80,2,1,2,12,0,1,10
79,78,83,1,80,6,4,2,16,4,1,11
80,76,84,1,95,4,-2,2,14,2,-1,10
81,75,85,1,80,3,-1,2,13,1,-1,9
82,76,86,1,80,4,1,2,14,2,1,10
83,79,87,1,80,7,3,2,17,5,1,11
84,78,88,1,105,6,-1,2,16,4,-1,10
85,74,89,1,80,2,-4,2,12,0,-1,9
86,71,90,1,80,11,-3,2,9,9,-1,8
87,73,91,1,80,1,2,2,11,11,1,9
88,74,92,2,95,2,1,2,12,0,1,10
89,69,94,0,80,9,-5,2,7,7,-1,9
90,71,94,0,80,11,2,2,9,9,1,10
91,73,95,0,80,1,2,2,11,11,1,11
92,74,96,2,105,2,1,2,12,0,1,12
93,74,98,1,80,2,0,2,12,0,0,12
94,78,99,1,80,6,4,2,16,4,1,13
95,76,100,0,95,4,-2,2,14,2,-1,12
96,76,101,0,80,4,0,2,14,2,0,12
97,76,102,1,80,4,0,2,14,2,0,12
98,79,103,1,80,7,3,2,17,5,1,13
99,78,104,0,105,6,-1,2,16,4,-1,12
100,78,105,0,80,6,0,2,16,4,0,12
101,78,106,1,80,6,0,2,16,4,0,12
102,76,107,1,80,4,-2,2,14,2,-1,11
103,74,108,1,95,2,-2,2,12,0,-1,10
104,73,109,1,80,1,-1,2,11,11,-1,9
105,71,110,1,80,11,-2,2,9,9,-1,8
106,69,111,1,80,9,-2,2,7,7,-1,7
107,67,112,1,105,7,-2,2,5,5,-1,6
108,71,113,1,80,11,4,2,9,9,1,7
109,71,114,1,80,11,0,2,9,9,0,7
110,69,115,1,80,9,-2,2,7,7,-1,6
111,71,116,1,95,11,2,2,9,9,1,7
112,73,117,1,80,1,2,2,11,11,1,8
113,74,118,1,80,2,1,2,12,0,1,9
114,78,119,1,80,6,4,2,16,4,1,10
115,79,120,0,105,7,1,2,17,5,1,11
116,78,120,0,80,6,-1,2,16,4,-1,10
117,76,121,0,80,4,-2,2,14,2,-1,9
118,73,122,1,80,1,-3,2,11,11,-1,8
119,76,123,1,80,4,3,2,14,2,1,9
120,74,124,2,95,2,-2,2,12,0,-1,8
121,69,126,0,80,9,-5,2,7,7,-1,7
122,71,126,0,80,11,2,2,9,9,1,8
123,73,127,0,80,1,2,2,11,11,1,9
124,74,128,1,105,2,1,2,12,0,1,10
125,73,129,1,80,1,-1,2,11,11,-1,9
126,74,130,1,80,2,1,2,12,0,1,10
127,78,131,1,80,6,4,2,16,4,1,11
128,76,132,3,95,4,-2,2,14,2,-1,10
129,79,135,1,80,7,3,2,17,5,1,11
130,78,136,3,105,6,-1,2,16,4,-1,10
131,76,139,1,80,4,-2,2,14,2,-1,9
132,74,140,1,95,2,-2,2,12,0,-1,8
133,73,141,1,80,1,-1,2,11,11,-1,7
134,71,142,1,80,11,-2,2,9,9,-1,6
135,69,143,1,80,9,-2,2,7,7,-1,5
136,74,144,1,105,2,5,2,12,0,1,6
137,73,145,1,80,1,-1,2,11,11,-1,5
138,74,146,1,80,2,1,2,12,0,1,6
139,78,147,1,80,6,4,2,16,4,1,7
140,76,148,1,95,4,-2,2,14,2,-1,6
141,75,149,1,80,3,-1,2,13,1,-1,5
142,76,150,1,80,4,1,2,14,2,1,6
143,79,151,1,80,7,3,2,17,5,1,7
144,78,152,1,105,6,-1,2,16,4,-1,6
145,74,153,1,80,2,-4,2,12,0,-1,5
146,71,154,1,80,11,-3,2,9,9,-1,4
147,73,155,1,80,1,2,2,11,11,1,5
148,74,156,2,95,2,1,2,12,0,1,6
149,69,158,0,80,9,-5,2,7,7,-1,5
150,71,158,0,80,11,2,2,9,9,1,6
151,73,159,0,80,1,2,2,11,11,1,7
152,74,160,2,105,2,1,2,12,0,1,8
153,74,162,1,80,2,0,2,12,0,0,8
154,78,163,1,80,6,4,2,16,4,1,9
155,76,164,0,95,4,-2,2,14,2,-1,8
156,76,165,0,80,4,0,2,14,2,0,8
157,76,166,1,80,4,0,2,14,2,0,8
158,79,167,1,80,7,3,2,17,5,1,9
159,78,168,0,105,6,-1,2,16,4,-1,8
160,78,169,0,80,6,0,2,16,4,0,8
161,78,170,1,80,6,0,2,16,4,0,8
162,76,171,1,80,4,-2,2,14,2,-1,7
163,74,172,1,95,2,-2,2,12,0,-1,6
164,73,173,1,80,1,-1,2,11,11,-1,5
165,71,174,1,80,11,-2,2,9,9,-1,4
166,69,175,1,80,9,-2,2,7,7,-1,3
167,67,176,1,105,7,-2,2,5,5,-1,2
168,71,177,1,80,11,4,2,9,9,1,3
169,71,178,1,80,11,0,2,9,9,0,3
170,69,179,1,80,9,-2,2,7,7,-1,2
171,71,180,1,95,11,2,2,9,9,1,3
172,73,181,1,80,1,2,2,11,11,1,4
173,74,182,1,80,2,1,2,12,0,1,5
174,78,183,1,80,6,4,2,16,4,1,6
175,79,184,0,105,7,1,2,17,5,1,7
176,78,184,0,80,6,-1,2,16,4,-1,6
177,76,185,0,80,4,-2,2,14,2,-1,5
178,73,186,1,80,1,-3,2,11,11,-1,4
179,76,187,1,80,4,3,2,14,2,1,5
180,74,188,4,95,2,-2,2,12,0,-1,4
