,midi_note,onset,duration,velocity,pitch_class,interval,root,relative_pitch,relative_pitch_class,parsons_code,parsons_cumsum
0,76,0,1,105,4,0,9,7,7,0,0
1,74,1,1,105,2,-2,9,5,5,-1,-1
2,67,2,1,80,7,-7,9,-2,10,-1,-2
3,67,3,2,80,7,0,9,-2,10,0,-2
4,74,5,1,95,2,7,9,5,5,1,-1
5,67,6,1,80,7,-7,9,-2,10,-1,-2
6,71,7,1,80,11,4,9,2,2,1,-1
7,74,8,1,80,2,3,9,5,5,1,0
8,74,9,1,105,2,0,9,5,5,0,0
9,67,10,1,80,7,-7,9,-2,10,-1,-1
10,67,11,2,80,7,0,9,-2,10,0,-1
11,76,13,1,95,4,9,9,7,7,1,0
12,78,14,1,80,6,2,9,9,9,1,1
13,79,15,1,80,7,1,9,10,10,1,2
14,76,16,1,80,4,-3,9,7,7,-1,1
15,74,17,1,105,2,-2,9,5,5,-1,0
16,67,18,1,80,7,-7,9,-2,10,-1,-1
17,67,19,2,80,7,0,9,-2,10,0,-1
18,74,21,1,95,2,7,9,5,5,1,0
19,67,22,1,80,7,-7,9,-2,10,-1,-1
20,71,23,1,80,11,4,9,2,2,1,0
21,74,24,1,80,2,3,9,5,5,1,1
22,76,25,0,105,4,2,9,7,7,1,2
23,78,25,0,80,6,2,9,9,9,1,3
24,79,26,0,80,7,1,9,10,10,1,4
25,74,27,1,80,2,-5,9,5,5,-1,3
26,71,28,1,80,11,-3,9,2,2,-1,2
27,71,29,1,95,11,0,9,2,2,0,2
28,69,30,1,80,9,-2,9,0,0,-1,1
29,69,31,1,80,9,0,9,0,0,0,1
30,76,32,1,80,4,7,9,7,7,1,2
31,74,33,1,105,2,-2,9,5,5,-1,1
32,67,34,1,80,7,-7,9,-2,10,-1,0
33,67,35,2,80,7,0,9,-2,10,0,0
34,74,37,1,95,2,7,9,5,5,1,1
35,67,38,1,80,7,-7,9,-2,10,-1,0
36,71,39,1,80,11,4,9,2,2,1,1
37,74,40,1,80,2,3,9,5,5,1,2
38,74,41,1,105,2,0,9,5,5,0,2
39,67,42,1,80,7,-7,9,-2,10,-1,1
40,67,43,2,80,7,0,9,-2,10,0,1
41,76,45,1,95,4,9,9,7,7,1,2
42,78,46,1,80,6,2,9,9,9,1,3
43,79,47,1,80,7,1,9,10,10,1,4
44,76,48,1,80,4,-3,9,7,7,-1,3
45,74,49,1,105,2,-2,9,5,5,-1,2
46,67,50,1,80,7,-7,9,-2,10,-1,1
47,67,51,2,80,7,0,9,-2,10,0,1
48,74,53,1,95,2,7,9,5,5,1,2
49,67,54,1,80,7,-7,9,-2,10,-1,1
50,71,55,1,80,11,4,9,2,2,1,2
51,74,56,1,80,2,3,9,5,5,1,3
52,76,57,0,105,4,2,9,7,7,1,4
53,78,57,0,80,6,2,9,9,9,1,5
54,79,58,0,80,7,1,9,10,10,1,6
55,74,59,1,80,2,-5,9,5,5,-1,5
56,71,60,1,80,11,-3,9,2,2,-1,4
57,71,61,1,95,11,0,9,2,2,0,4
58,69,62,1,80,9,-2,9,0,0,-1,3
59,69,63,1,80,9,0,9,0,0,0,3
60,79,64,1,80,7,10,9,10,10,1,4
61,78,65,1,105,6,-1,9,9,9,-1,3
62,81,66,1,80,9,3,9,12,0,1,4
63,81,67,1,80,9,0,9,12,0,0,4
64,78,68,1,80,6,-3,9,9,9,-1,3
65,79,69,3,95,7,1,9,10,10,1,4
66,76,72,1,80,4,-3,9,7,7,-1,3
67,74,73,1,105,2,-2,9,5,5,-1,2
68,76,74,1,80,4,2,9,7,7,1,3
69,74,75,1,80,2,-2,9,5,5,-1,2
70,71,76,1,80,11,-3,9,2,2,-1,1
71,74,77,1,95,2,3,9,5,5,1,2
72,76,78,1,80,4,2,9,7,7,1,3
73,78,79,1,80,6,2,9,9,9,1,4
74,79,80,1,80,7,1,9,10,10,1,5
75,78,81,1,105,6,-1,9,9,9,-1,4
76,81,82,1,80,9,3,9,12,0,1,5
77,81,83,1,80,9,0,9,12,0,0,5
78,78,84,1,80,6,-3,9,9,9,-1,4
79,79,85,3,95,7,1,9,10,10,1,5
80,76,88,1,80,4,-3,9,7,7,-1,4
81,74,89,1,105,2,-2,9,5,5,-1,3
82,71,90,1,80,11,-3,9,2,2,-1,2
83,79,91,1,80,7,8,9,10,10,1,3
84,71,92,1,80,11,-8,9,2,2,-1,2
85,71,93,1,95,11,0,9,2,2,0,2
86,69,94,1,80,9,-2,9,0,0,-1,1
87,69,95,1,80,9,0,9,0,0,0,1
88,79,96,1,80,7,10,9,10,10,1,2
89,78,97,1,105,6,-1,9,9,9,-1,1
90,81,98,1,80,9,3,9,12,0,1,2
91,81,99,1,80,9,0,9,12,0,0,2
92,78,100,1,80,6,-3,9,9,9,-1,1
93,79,101,2,95,7,1,9,10,10,1,2
94,79,103,1,80,7,0,9,10,10,0,2
95,76,104,1,80,4,-3,9,7,7,-1,1
96,74,105,1,105,2,-2,9,5,5,-1,0
97,76,106,1,80,4,2,9,7,7,1,1
98,74,107,1,80,2,-2,9,5,5,-1,0
99,71,108,1,80,11,-3,9,2,2,-1,-1
100,74,109,1,95,2,3,9,5,5,1,0
101,76,110,1,80,4,2,9,7,7,1,1
102,79,111,1,80,7,3,9,10,10,1,2
103,81,112,1,80,9,2,9,12,0,1,3
104,83,113,1,105,11,2,9,14,2,1,4
105,81,114,1,80,9,-2,9,12,0,-1,3
106,79,115,1,80,7,-2,9,10,10,-1,2
107,83,116,1,80,11,4,9,14,2,1,3
108,81,117,1,95,9,-2,9,12,0,-1,2
109,78,118,1,80,6,-3,9,9,9,-1,1
110,79,119,1,80,7,1,9,10,10,1,2
111,76,120,1,80,4,-3,9,7,7,-1,1
112,74,121,1,105,2,-2,9,5,5,-1,0
113,71,122,1,80,11,-3,9,2,2,-1,-1
114,79,123,1,80,7,8,9,10,10,1,0
115,71,124,1,80,11,-8,9,2,2,-1,-1
116,71,125,1,95,11,0,9,2,2,0,-1
117,69,126,1,80,9,-2,9,0,0,-1,-2
118,69,127,2,80,9,0,9,0,0,0,-2
