,midi_note,onset,duration,velocity,pitch_class,interval,root,relative_pitch,relative_pitch_class,parsons_code,parsons_cumsum
0,67,0,2,105,7,0,7,0,0,0,0
1,62,2,1,80,2,-5,7,-5,7,-1,-1
2,72,3,1,80,0,10,7,5,5,1,0
3,71,4,1,95,11,-1,7,4,4,-1,-1
4,67,5,1,80,7,-4,7,0,0,-1,-2
5,74,6,1,80,2,7,7,7,7,1,-1
6,71,7,1,80,11,-3,7,4,4,-1,-2
7,72,8,1,105,0,1,7,5,5,1,-1
8,71,9,1,80,11,-1,7,4,4,-1,-2
9,69,10,1,80,9,-2,7,2,2,-1,-3
10,71,11,1,80,11,2,7,4,4,1,-2
11,72,12,1,95,0,1,7,5,5,1,-1
12,74,13,1,80,2,2,7,7,7,1,0
13,76,14,1,80,4,2,7,9,9,1,1
14,74,15,1,80,2,-2,7,7,7,-1,0
15,76,16,1,105,4,2,7,9,9,1,1
16,79,17,1,80,7,3,7,12,0,1,2
17,74,18,1,80,2,-5,7,7,7,-1,1
18,79,19,1,80,7,5,7,12,0,1,2
19,71,20,1,95,11,-8,7,4,4,-1,1
20,67,21,1,80,7,-4,7,0,0,-1,0
21,67,22,2,80,7,0,7,0,0,0,0
22,81,24,1,105,9,14,7,14,2,1,1
23,79,25,1,80,7,-2,7,12,0,-1,0
24,83,26,1,80,11,4,7,16,4,1,1
25,81,27,1,80,9,-2,7,14,2,-1,0
26,79,28,1,95,7,-2,7,12,0,-1,-1
27,76,29,1,80,4,-3,7,9,9,-1,-2
28,74,30,1,80,2,-2,7,7,7,-1,-3
29,71,31,1,80,11,-3,7,4,4,-1,-4
30,67,32,2,105,7,-4,7,0,0,-1,-5
31,62,34,1,80,2,-5,7,-5,7,-1,-6
32,72,35,1,80,0,10,7,5,5,1,-5
33,71,36,1,95,11,-1,7,4,4,-1,-6
34,67,37,1,80,7,-4,7,0,0,-1,-7
35,74,38,1,80,2,7,7,7,7,1,-6
36,71,39,1,80,11,-3,7,4,4,-1,-7
37,72,40,1,105,0,1,7,5,5,1,-6
38,71,41,1,80,11,-1,7,4,4,-1,-7
39,69,42,1,80,9,-2,7,2,2,-1,-8
40,71,43,1,80,11,2,7,4,4,1,-7
41,72,44,1,95,0,1,7,5,5,1,-6
42,74,45,1,80,2,2,7,7,7,1,-5
43,76,46,1,80,4,2,7,9,9,1,-4
44,74,47,1,80,2,-2,7,7,7,-1,-5
45,76,48,1,105,4,2,7,9,9,1,-4
46,79,49,1,80,7,3,7,12,0,1,-3
47,74,50,1,80,2,-5,7,7,7,-1,-4
48,79,51,1,80,7,5,7,12,0,1,-3
49,71,52,1,95,11,-8,7,4,4,-1,-4
50,67,53,1,80,7,-4,7,0,0,-1,-5
51,67,54,2,80,7,0,7,0,0,0,-5
52,81,56,1,105,9,14,7,14,2,1,-4
53,79,57,1,80,7,-2,7,12,0,-1,-5
54,83,58,1,80,11,4,7,16,4,1,-4
55,81,59,1,80,9,-2,7,14,2,-1,-5
56,79,60,2,95,7,-2,7,12,0,-1,-6
57,78,62,1,80,6,-1,7,11,11,-1,-7
58,76,63,1,80,4,-2,7,9,9,-1,-8
59,74,64,2,105,2,-2,7,7,7,-1,-9
60,71,66,1,80,11,-3,7,4,4,-1,-10
61,74,67,1,80,2,3,7,7,7,1,-9
62,76,68,1,95,4,2,7,9,9,1,-8
63,79,69,1,80,7,3,7,12,0,1,-7
64,78,70,1,80,6,-1,7,11,11,-1,-8
65,81,71,1,80,9,3,7,14,2,1,-7
66,79,72,1,105,7,-2,7,12,0,-1,-8
67,74,73,1,80,2,-5,7,7,7,-1,-9
68,71,74,1,80,11,-3,7,4,4,-1,-10
69,67,75,1,80,7,-4,7,0,0,-1,-11
70,66,76,1,95,6,-1,7,-1,11,-1,-12
71,69,77,1,80,9,3,7,2,2,1,-11
72,66,78,1,80,6,-3,7,-1,11,-1,-12
73,62,79,1,80,2,-4,7,-5,7,-1,-13
74,64,80,1,105,4,2,7,-3,9,1,-12
75,67,81,1,80,7,3,7,0,0,1,-11
76,66,82,1,80,6,-1,7,-1,11,-1,-12
77,69,83,1,80,9,3,7,2,2,1,-11
78,67,84,1,95,7,-2,7,0,0,-1,-12
79,71,85,1,80,11,4,7,4,4,1,-11
80,74,86,1,80,2,3,7,7,7,1,-10
81,79,87,1,80,7,5,7,12,0,1,-9
82,81,88,1,105,9,2,7,14,2,1,-8
83,79,89,1,80,7,-2,7,12,0,-1,-9
84,81,90,1,80,9,2,7,14,2,1,-8
85,83,91,1,80,11,2,7,16,4,1,-7
86,81,92,2,95,9,-2,7,14,2,-1,-8
87,81,94,1,80,9,0,7,14,2,0,-8
88,79,95,1,80,7,-2,7,12,0,-1,-9
89,76,96,1,105,4,-3,7,9,9,-1,-10
90,79,97,1,80,7,3,7,12,0,1,-9
91,79,98,2,80,7,0,7,12,0,0,-9
92,74,100,1,95,2,-5,7,7,7,-1,-10
93,79,101,1,80,7,5,7,12,0,1,-9
94,79,102,2,80,7,0,7,12,0,0,-9
95,81,104,1,105,9,2,7,14,2,1,-8
96,79,105,1,80,7,-2,7,12,0,-1,-9
97,83,106,1,80,11,4,7,16,4,1,-8
98,71,107,1,80,11,-12,7,4,4,-1,-9
99,72,108,1,95,0,1,7,5,5,1,-8
100,71,109,1,80,11,-1,7,4,4,-1,-9
101,69,110,1,80,9,-2,7,2,2,-1,-10
102,67,111,1,80,7,-2,7,0,0,-1,-11
103,64,112,0,105,4,-3,7,-3,9,-1,-12
104,66,112,0,80,6,2,7,-1,11,1,-11
105,67,113,0,80,7,1,7,0,0,1,-10
106,62,114,1,80,2,-5,7,-5,7,-1,-11
107,67,115,1,80,7,5,7,0,0,1,-10
108,59,116,1,95,11,-8,7,-8,4,-1,-11
109,67,117,1,80,7,8,7,0,0,1,-10
110,62,118,1,80,2,-5,7,-5,7,-1,-11
111,67,119,1,80,7,5,7,0,0,1,-10
112,69,120,1,105,9,2,7,2,2,1,-9
113,67,121,1,80,7,-2,7,0,0,-1,-10
114,71,122,1,80,11,4,7,4,4,1,-9
115,69,123,1,80,9,-2,7,2,2,-1,-10
116,67,124,4,95,7,-2,7,0,0,-1,-11
