,midi_note,onset,duration,velocity,pitch_class,interval,root,relative_pitch,relative_pitch_class,parsons_code,parsons_cumsum
0,69,0,3,105,9,0,2,7,7,0,0
1,71,3,1,80,11,2,2,9,9,1,1
2,69,4,1,95,9,-2,2,7,7,-1,0
3,66,5,1,80,6,-3,2,4,4,-1,-1
4,62,6,1,80,2,-4,2,0,0,-1,-2
5,66,7,1,80,6,4,2,4,4,1,-1
6,69,8,2,105,9,3,2,7,7,1,0
7,66,10,1,80,6,-3,2,4,4,-1,-1
8,62,11,1,80,2,-4,2,0,0,-1,-2
9,67,12,1,95,7,5,2,5,5,1,-1
10,64,13,1,80,4,-3,2,2,2,-1,-2
11,61,14,1,80,1,-3,2,-1,11,-1,-3
12,64,15,1,80,4,3,2,2,2,1,-2
13,69,16,3,105,9,5,2,7,7,1,-1
14,74,19,1,80,2,5,2,12,0,1,0
15,71,20,1,95,11,-3,2,9,9,-1,-1
16,74,21,1,80,2,3,2,12,0,1,0
17,69,22,1,80,9,-5,2,7,7,-1,-1
18,66,23,1,80,6,-3,2,4,4,-1,-2
19,64,24,1,105,4,-2,2,2,2,-1,-3
20,62,25,1,80,2,-2,2,0,0,-1,-4
21,62,26,2,80,2,0,2,0,0,0,-4
22,64,28,1,95,4,2,2,2,2,1,-3
23,66,29,1,80,6,2,2,4,4,1,-2
24,67,30,1,80,7,1,2,5,5,1,-1
25,71,31,1,80,11,4,2,9,9,1,0
26,69,32,2,105,9,-2,2,7,7,-1,-1
27,69,34,1,80,9,0,2,7,7,0,-1
28,71,35,1,80,11,2,2,9,9,1,0
29,69,36,1,95,9,-2,2,7,7,-1,-1
30,66,37,1,80,6,-3,2,4,4,-1,-2
31,62,38,1,80,2,-4,2,0,0,-1,-3
32,66,39,1,80,6,4,2,4,4,1,-2
33,69,40,2,105,9,3,2,7,7,1,-1
34,66,42,1,80,6,-3,2,4,4,-1,-2
35,62,43,1,80,2,-4,2,0,0,-1,-3
36,67,44,1,95,7,5,2,5,5,1,-2
37,64,45,1,80,4,-3,2,2,2,-1,-3
38,61,46,1,80,1,-3,2,-1,11,-1,-4
39,64,47,1,80,4,3,2,2,2,1,-3
40,69,48,3,105,9,5,2,7,7,1,-2
41,74,51,1,80,2,5,2,12,0,1,-1
42,71,52,1,95,11,-3,2,9,9,-1,-2
43,74,53,1,80,2,3,2,12,0,1,-1
44,69,54,1,80,9,-5,2,7,7,-1,-2
45,66,55,1,80,6,-3,2,4,4,-1,-3
46,64,56,1,105,4,-2,2,2,2,-1,-4
47,62,57,1,80,2,-2,2,0,0,-1,-5
48,62,58,2,80,2,0,2,0,0,0,-5
49,64,60,1,95,4,2,2,2,2,1,-4
50,66,61,1,80,6,2,2,4,4,1,-3
51,62,62,1,80,2,-4,2,0,0,-1,-4
52,67,63,1,80,7,5,2,5,5,1,-3
53,69,64,3,105,9,2,2,7,7,1,-2
54,71,67,1,80,11,2,2,9,9,1,-1
55,69,68,1,95,9,-2,2,7,7,-1,-2
56,66,69,1,80,6,-3,2,4,4,-1,-3
57,62,70,1,80,2,-4,2,0,0,-1,-4
58,66,71,1,80,6,4,2,4,4,1,-3
59,69,72,2,105,9,3,2,7,7,1,-2
60,66,74,1,80,6,-3,2,4,4,-1,-3
61,62,75,1,80,2,-4,2,0,0,-1,-4
62,67,76,1,95,7,5,2,5,5,1,-3
63,64,77,1,80,4,-3,2,2,2,-1,-4
64,61,78,1,80,1,-3,2,-1,11,-1,-5
65,64,79,1,80,4,3,2,2,2,1,-4
66,69,80,3,105,9,5,2,7,7,1,-3
67,74,83,1,80,2,5,2,12,0,1,-2
68,71,84,1,95,11,-3,2,9,9,-1,-3
69,74,85,1,80,2,3,2,12,0,1,-2
70,69,86,1,80,9,-5,2,7,7,-1,-3
71,66,87,1,80,6,-3,2,4,4,-1,-4
72,64,88,1,105,4,-2,2,2,2,-1,-5
73,62,89,1,80,2,-2,2,0,0,-1,-6
74,62,90,2,80,2,0,2,0,0,0,-6
75,64,92,1,95,4,2,2,2,2,1,-5
76,66,93,1,80,6,2,2,4,4,1,-4
77,67,94,1,80,7,1,2,5,5,1,-3
78,71,95,1,80,11,4,2,9,9,1,-2
79,69,96,2,105,9,-2,2,7,7,-1,-3
80,69,98,1,80,9,0,2,7,7,0,-3
81,71,99,1,80,11,2,2,9,9,1,-2
82,69,100,1,95,9,-2,2,7,7,-1,-3
83,66,101,1,80,6,-3,2,4,4,-1,-4
84,62,102,1,80,2,-4,2,0,0,-1,-5
85,66,103,1,80,6,4,2,4,4,1,-4
86,69,104,2,105,9,3,2,7,7,1,-3
87,66,106,1,80,6,-3,2,4,4,-1,-4
88,62,107,1,80,2,-4,2,0,0,-1,-5
89,67,108,1,95,7,5,2,5,5,1,-4
90,64,109,1,80,4,-3,2,2,2,-1,-5
91,61,110,1,80,1,-3,2,-1,11,-1,-6
92,64,111,1,80,4,3,2,2,2,1,-5
93,69,112,3,105,9,5,2,7,7,1,-4
94,74,115,1,80,2,5,2,12,0,1,-3
95,71,116,1,95,11,-3,2,9,9,-1,-4
96,74,117,1,80,2,3,2,12,0,1,-3
97,69,118,1,80,9,-5,2,7,7,-1,-4
98,66,119,1,80,6,-3,2,4,4,-1,-5
99,64,120,1,105,4,-2,2,2,2,-1,-6
100,62,121,1,80,2,-2,2,0,0,-1,-7
101,62,122,2,80,2,0,2,0,0,0,-7
102,64,124,1,95,4,2,2,2,2,1,-6
103,66,125,1,80,6,2,2,4,4,1,-5
104,62,126,1,80,2,-4,2,0,0,-1,-6
105,67,127,1,80,7,5,2,5,5,1,-5
106,66,128,1,105,6,-1,2,4,4,-1,-6
107,62,129,1,80,2,-4,2,0,0,-1,-7
108,62,130,2,80,2,0,2,0,0,0,-7
109,66,132,1,95,6,4,2,4,4,1,-6
110,62,133,1,80,2,-4,2,0,0,-1,-7
111,62,134,1,80,2,0,2,0,0,0,-7
112,67,135,1,80,7,5,2,5,5,1,-6
113,66,136,1,105,6,-1,2,4,4,-1,-7
114,62,137,1,80,2,-4,2,0,0,-1,-8
115,62,138,2,80,2,0,2,0,0,0,-8
116,67,140,1,95,7,5,2,5,5,1,-7
117,64,141,1,80,4,-3,2,2,2,-1,-8
118,61,142,1,80,1,-3,2,-1,11,-1,-9
119,64,143,1,80,4,3,2,2,2,1,-8
120,66,144,1,105,6,2,2,4,4,1,-7
121,62,145,1,80,2,-4,2,0,0,-1,-8
122,62,146,2,80,2,0,2,0,0,0,-8
123,66,148,1,95,6,4,2,4,4,1,-7
124,62,149,1,80,2,-4,2,0,0,-1,-8
125,67,150,1,80,7,5,2,5,5,1,-7
126,66,151,1,80,6,-1,2,4,4,-1,-8
127,64,152,1,105,4,-2,2,2,2,-1,-9
128,62,153,1,80,2,-2,2,0,0,-1,-10
129,61,154,1,80,1,-1,2,-1,11,-1,-11
130,62,155,1,80,2,1,2,0,0,1,-10
131,64,156,1,95,4,2,2,2,2,1,-9
132,66,157,1,80,6,2,2,4,4,1,-8
133,62,158,1,80,2,-4,2,0,0,-1,-9
134,67,159,1,80,7,5,2,5,5,1,-8
135,66,160,1,105,6,-1,2,4,4,-1,-9
136,62,161,1,80,2,-4,2,0,0,-1,-10
137,62,162,2,80,2,0,2,0,0,0,-10
138,66,164,1,95,6,4,2,4,4,1,-9
139,62,165,1,80,2,-4,2,0,0,-1,-10
140,62,166,1,80,2,0,2,0,0,0,-10
141,67,167,1,80,7,5,2,5,5,1,-9
142,66,168,1,105,6,-1,2,4,4,-1,-10
143,62,169,1,80,2,-4,2,0,0,-1,-11
144,62,170,2,80,2,0,2,0,0,0,-11
145,67,172,1,95,7,5,2,5,5,1,-10
146,64,173,1,80,4,-3,2,2,2,-1,-11
147,61,174,1,80,1,-3,2,-1,11,-1,-12
148,64,175,1,80,4,3,2,2,2,1,-11
149,66,176,1,105,6,2,2,4,4,1,-10
150,62,177,1,80,2,-4,2,0,0,-1,-11
151,62,178,2,80,2,0,2,0,0,0,-11
152,66,180,1,95,6,4,2,4,4,1,-10
153,62,181,1,80,2,-4,2,0,0,-1,-11
154,67,182,1,80,7,5,2,5,5,1,-10
155,66,183,1,80,6,-1,2,4,4,-1,-11
156,64,184,1,105,4,-2,2,2,2,-1,-12
157,62,185,1,80,2,-2,2,0,0,-1,-13
158,61,186,1,80,1,-1,2,-1,11,-1,-14
159,62,187,1,80,2,1,2,0,0,1,-13
160,64,188,1,95,4,2,2,2,2,1,-12
161,66,189,1,80,6,2,2,4,4,1,-11
162,67,190,1,80,7,1,2,5,5,1,-10
163,69,191,1,80,9,2,2,7,7,1,-9
164,74,192,1,105,2,5,2,12,0,1,-8
165,78,193,1,80,6,4,2,16,4,1,-7
166,78,194,2,80,6,0,2,16,4,0,-7
167,74,196,1,95,2,-4,2,12,0,-1,-8
168,78,197,1,80,6,4,2,16,4,1,-7
169,78,198,1,80,6,0,2,16,4,0,-7
170,76,199,1,80,4,-2,2,14,2,-1,-8
171,74,200,2,105,2,-2,2,12,0,-1,-9
172,74,202,1,80,2,0,2,12,0,0,-9
173,71,203,1,80,11,-3,2,9,9,-1,-10
174,69,204,1,95,9,-2,2,7,7,-1,-11
175,66,205,1,80,6,-3,2,4,4,-1,-12
176,62,206,1,80,2,-4,2,0,0,-1,-13
177,69,207,1,80,9,7,2,7,7,1,-12
178,73,208,1,105,1,4,2,11,11,1,-11
179,76,209,1,80,4,3,2,14,2,1,-10
180,76,210,2,80,4,0,2,14,2,0,-10
181,73,212,1,95,1,-3,2,11,11,-1,-11
182,76,213,1,80,4,3,2,14,2,1,-10
183,76,214,1,80,4,0,2,14,2,0,-10
184,73,215,1,80,1,-3,2,11,11,-1,-11
185,71,216,2,105,11,-2,2,9,9,-1,-12
186,68,218,1,80,8,-3,2,6,6,-1,-13
187,71,219,1,80,11,3,2,9,9,1,-12
188,69,220,1,95,9,-2,2,7,7,-1,-13
189,66,221,1,80,6,-3,2,4,4,-1,-14
190,62,222,1,80,2,-4,2,0,0,-1,-15
191,69,223,1,80,9,7,2,7,7,1,-14
192,74,224,1,105,2,5,2,12,0,1,-13
193,78,225,1,80,6,4,2,16,4,1,-12
194,78,226,2,80,6,0,2,16,4,0,-12
195,74,228,1,95,2,-4,2,12,0,-1,-13
196,78,229,1,80,6,4,2,16,4,1,-12
197,78,230,1,80,6,0,2,16,4,0,-12
198,76,231,1,80,4,-2,2,14,2,-1,-13
199,74,232,2,105,2,-2,2,12,0,-1,-14
200,74,234,1,80,2,0,2,12,0,0,-14
201,71,235,1,80,11,-3,2,9,9,-1,-15
202,69,236,1,95,9,-2,2,7,7,-1,-16
203,66,237,1,80,6,-3,2,4,4,-1,-17
204,62,238,1,80,2,-4,2,0,0,-1,-18
205,69,239,1,80,9,7,2,7,7,1,-17
206,73,240,1,105,1,4,2,11,11,1,-16
207,76,241,1,80,4,3,2,14,2,1,-15
208,76,242,2,80,4,0,2,14,2,0,-15
209,78,244,1,95,6,2,2,16,4,1,-14
210,81,245,1,80,9,3,2,19,7,1,-13
211,76,246,1,80,4,-5,2,14,2,-1,-14
212,73,247,1,80,1,-3,2,11,11,-1,-15
213,74,248,1,105,2,1,2,12,0,1,-14
214,73,249,1,80,1,-1,2,11,11,-1,-15
215,73,250,1,80,1,0,2,11,11,0,-15
216,76,251,1,80,4,3,2,14,2,1,-14
217,74,252,2,95,2,-2,2,12,0,-1,-15
218,74,254,1,80,2,0,2,12,0,0,-15
219,69,255,1,80,9,-5,2,7,7,-1,-16
220,74,256,1,105,2,5,2,12,0,1,-15
221,78,257,1,80,6,4,2,16,4,1,-14
222,78,258,2,80,6,0,2,16,4,0,-14
223,74,260,1,95,2,-4,2,12,0,-1,-15
224,78,261,1,80,6,4,2,16,4,1,-14
225,78,262,1,80,6,0,2,16,4,0,-14
226,76,263,1,80,4,-2,2,14,2,-1,-15
227,74,264,2,105,2,-2,2,12,0,-1,-16
228,74,266,1,80,2,0,2,12,0,0,-16
229,71,267,1,80,11,-3,2,9,9,-1,-17
230,69,268,1,95,9,-2,2,7,7,-1,-18
231,66,269,1,80,6,-3,2,4,4,-1,-19
232,62,270,1,80,2,-4,2,0,0,-1,-20
233,69,271,1,80,9,7,2,7,7,1,-19
234,73,272,1,105,1,4,2,11,11,1,-18
235,76,273,1,80,4,3,2,14,2,1,-17
236,76,274,2,80,4,0,2,14,2,0,-17
237,73,276,1,95,1,-3,2,11,11,-1,-18
238,76,277,1,80,4,3,2,14,2,1,-17
239,76,278,1,80,4,0,2,14,2,0,-17
240,73,279,1,80,1,-3,2,11,11,-1,-18
241,71,280,2,105,11,-2,2,9,9,-1,-19
242,68,282,1,80,8,-3,2,6,6,-1,-20
243,71,283,1,80,11,3,2,9,9,1,-19
244,69,284,1,95,9,-2,2,7,7,-1,-20
245,66,285,1,80,6,-3,2,4,4,-1,-21
246,62,286,1,80,2,-4,2,0,0,-1,-22
247,69,287,1,80,9,7,2,7,7,1,-21
248,74,288,1,105,2,5,2,12,0,1,-20
249,78,289,1,80,6,4,2,16,4,1,-19
250,78,290,2,80,6,0,2,16,4,0,-19
251,74,292,1,95,2,-4,2,12,0,-1,-20
252,78,293,1,80,6,4,2,16,4,1,-19
253,78,294,1,80,6,0,2,16,4,0,-19
254,76,295,1,80,4,-2,2,14,2,-1,-20
255,74,296,2,105,2,-2,2,12,0,-1,-21
256,74,298,1,80,2,0,2,12,0,0,-21
257,71,299,1,80,11,-3,2,9,9,-1,-22
258,69,300,1,95,9,-2,2,7,7,-1,-23
259,66,301,1,80,6,-3,2,4,4,-1,-24
260,62,302,1,80,2,-4,2,0,0,-1,-25
261,69,303,1,80,9,7,2,7,7,1,-24
262,73,304,1,105,1,4,2,11,11,1,-23
263,76,305,1,80,4,3,2,14,2,1,-22
264,76,306,2,80,4,0,2,14,2,0,-22
265,78,308,1,95,6,2,2,16,4,1,-21
266,81,309,1,80,9,3,2,19,7,1,-20
267,76,310,1,80,4,-5,2,14,2,-1,-21
268,73,311,1,80,1,-3,2,11,11,-1,-22
269,74,312,1,105,2,1,2,12,0,1,-21
270,73,313,1,80,1,-1,2,11,11,-1,-22
271,73,314,1,80,1,0,2,11,11,0,-22
272,76,315,1,80,4,3,2,14,2,1,-21
273,74,316,1,95,2,-2,2,12,0,-1,-22
274,73,317,1,80,1,-1,2,11,11,-1,-23
275,74,318,1,80,2,1,2,12,0,1,-22
276,71,319,1,80,11,-3,2,9,9,-1,-23
