,midi_note,onset,duration,velocity,pitch_class,interval,root,relative_pitch,relative_pitch_class,parsons_code,parsons_cumsum
0,67,0,3,105,7,0,7,0,0,0,0
1,69,3,1,80,9,2,7,2,2,1,1
2,71,4,2,95,11,2,7,4,4,1,2
3,79,6,1,80,7,8,7,12,0,1,3
4,71,7,1,80,11,-8,7,4,4,-1,2
5,71,8,1,105,11,0,7,4,4,0,2
6,69,9,1,80,9,-2,7,2,2,-1,1
7,67,10,1,80,7,-2,7,0,0,-1,0
8,71,11,1,80,11,4,7,4,4,1,1
9,69,12,1,95,9,-2,7,2,2,-1,0
10,67,13,1,80,7,-2,7,0,0,-1,-1
11,64,14,1,80,4,-3,7,-3,9,-1,-2
12,62,15,1,80,2,-2,7,-5,7,-1,-3
13,67,16,1,105,7,5,7,0,0,1,-2
14,71,17,1,80,11,4,7,4,4,1,-1
15,69,18,1,80,9,-2,7,2,2,-1,-2
16,66,19,1,80,6,-3,7,-1,11,-1,-3
17,67,20,1,95,7,1,7,0,0,1,-2
18,69,21,1,80,9,2,7,2,2,1,-1
19,71,22,1,80,11,2,7,4,4,1,0
20,74,23,1,80,2,3,7,7,7,1,1
21,76,24,1,105,4,2,7,9,9,1,2
22,79,25,1,80,7,3,7,12,0,1,3
23,81,26,1,80,9,2,7,14,2,1,4
24,78,27,1,80,6,-3,7,11,11,-1,3
25,79,28,1,95,7,1,7,12,0,1,4
26,76,29,1,80,4,-3,7,9,9,-1,3
27,74,30,1,80,2,-2,7,7,7,-1,2
28,71,31,1,80,11,-3,7,4,4,-1,1
29,67,32,3,105,7,-4,7,0,0,-1,0
30,69,35,1,80,9,2,7,2,2,1,1
31,71,36,2,95,11,2,7,4,4,1,2
32,79,38,1,80,7,8,7,12,0,1,3
33,71,39,1,80,11,-8,7,4,4,-1,2
34,71,40,1,105,11,0,7,4,4,0,2
35,69,41,1,80,9,-2,7,2,2,-1,1
36,67,42,1,80,7,-2,7,0,0,-1,0
37,71,43,1,80,11,4,7,4,4,1,1
38,69,44,1,95,9,-2,7,2,2,-1,0
39,67,45,1,80,7,-2,7,0,0,-1,-1
40,64,46,1,80,4,-3,7,-3,9,-1,-2
41,62,47,1,80,2,-2,7,-5,7,-1,-3
42,67,48,1,105,7,5,7,0,0,1,-2
43,71,49,1,80,11,4,7,4,4,1,-1
44,69,50,1,80,9,-2,7,2,2,-1,-2
45,66,51,1,80,6,-3,7,-1,11,-1,-3
46,67,52,1,95,7,1,7,0,0,1,-2
47,69,53,1,80,9,2,7,2,2,1,-1
48,71,54,1,80,11,2,7,4,4,1,0
49,74,55,1,80,2,3,7,7,7,1,1
50,76,56,0,105,4,2,7,9,9,1,2
51,78,56,0,80,6,2,7,11,11,1,3
52,79,57,0,80,7,1,7,12,0,1,4
53,78,58,1,80,6,-1,7,11,11,-1,3
54,81,59,1,80,9,3,7,14,2,1,4
55,79,60,1,95,7,-2,7,12,0,-1,3
56,76,61,1,80,4,-3,7,9,9,-1,2
57,74,62,1,80,2,-2,7,7,7,-1,1
58,71,63,1,80,11,-3,7,4,4,-1,0
59,67,64,3,105,7,-4,7,0,0,-1,-1
60,69,67,1,80,9,2,7,2,2,1,0
61,71,68,2,95,11,2,7,4,4,1,1
62,79,70,1,80,7,8,7,12,0,1,2
63,71,71,1,80,11,-8,7,4,4,-1,1
64,71,72,1,105,11,0,7,4,4,0,1
65,69,73,1,80,9,-2,7,2,2,-1,0
66,67,74,1,80,7,-2,7,0,0,-1,-1
67,71,75,1,80,11,4,7,4,4,1,0
68,69,76,1,95,9,-2,7,2,2,-1,-1
69,67,77,1,80,7,-2,7,0,0,-1,-2
70,64,78,1,80,4,-3,7,-3,9,-1,-3
71,62,79,1,80,2,-2,7,-5,7,-1,-4
72,67,80,1,105,7,5,7,0,0,1,-3
73,71,81,1,80,11,4,7,4,4,1,-2
74,69,82,1,80,9,-2,7,2,2,-1,-3
75,66,83,1,80,6,-3,7,-1,11,-1,-4
76,67,84,1,95,7,1,7,0,0,1,-3
77,69,85,1,80,9,2,7,2,2,1,-2
78,71,86,1,80,11,2,7,4,4,1,-1
79,74,87,1,80,2,3,7,7,7,1,0
80,76,88,1,105,4,2,7,9,9,1,1
81,79,89,1,80,7,3,7,12,0,1,2
82,81,90,1,80,9,2,7,14,2,1,3
83,78,91,1,80,6,-3,7,11,11,-1,2
84,79,92,1,95,7,1,7,12,0,1,3
85,76,93,1,80,4,-3,7,9,9,-1,2
86,74,94,1,80,2,-2,7,7,7,-1,1
87,71,95,1,80,11,-3,7,4,4,-1,0
88,67,96,3,105,7,-4,7,0,0,-1,-1
89,69,99,1,80,9,2,7,2,2,1,0
90,71,100,2,95,11,2,7,4,4,1,1
91,79,102,1,80,7,8,7,12,0,1,2
92,71,103,1,80,11,-8,7,4,4,-1,1
93,71,104,1,105,11,0,7,4,4,0,1
94,69,105,1,80,9,-2,7,2,2,-1,0
95,67,106,1,80,7,-2,7,0,0,-1,-1
96,71,107,1,80,11,4,7,4,4,1,0
97,69,108,1,95,9,-2,7,2,2,-1,-1
98,67,109,1,80,7,-2,7,0,0,-1,-2
99,64,110,1,80,4,-3,7,-3,9,-1,-3
100,62,111,1,80,2,-2,7,-5,7,-1,-4
101,67,112,1,105,7,5,7,0,0,1,-3
102,71,113,1,80,11,4,7,4,4,1,-2
103,69,114,1,80,9,-2,7,2,2,-1,-3
104,66,115,1,80,6,-3,7,-1,11,-1,-4
105,67,116,1,95,7,1,7,0,0,1,-3
106,69,117,1,80,9,2,7,2,2,1,-2
107,71,118,1,80,11,2,7,4,4,1,-1
108,74,119,1,80,2,3,7,7,7,1,0
109,76,120,1,105,4,2,7,9,9,1,1
110,79,121,1,80,7,3,7,12,0,1,2
111,78,122,1,80,6,-1,7,11,11,-1,1
112,81,123,1,80,9,3,7,14,2,1,2
113,79,124,1,95,7,-2,7,12,0,-1,1
114,78,125,1,80,6,-1,7,11,11,-1,0
115,76,126,1,80,4,-2,7,9,9,-1,-1
116,74,127,1,80,2,-2,7,7,7,-1,-2
117,79,128,3,105,7,5,7,12,0,1,-1
118,81,131,1,80,9,2,7,14,2,1,0
119,83,132,1,95,11,2,7,16,4,1,1
120,79,133,1,80,7,-4,7,12,0,-1,0
121,81,134,1,80,9,2,7,14,2,1,1
122,78,135,1,80,6,-3,7,11,11,-1,0
123,79,136,1,105,7,1,7,12,0,1,1
124,81,137,1,80,9,2,7,14,2,1,2
125,83,138,1,80,11,2,7,16,4,1,3
126,81,139,1,80,9,-2,7,14,2,-1,2
127,79,140,1,95,7,-2,7,12,0,-1,1
128,78,141,1,80,6,-1,7,11,11,-1,0
129,76,142,1,80,4,-2,7,9,9,-1,-1
130,74,143,1,80,2,-2,7,7,7,-1,-2
131,71,144,1,105,11,-3,7,4,4,-1,-3
132,72,145,1,80,0,1,7,5,5,1,-2
133,71,146,1,80,11,-1,7,4,4,-1,-3
134,69,147,1,80,9,-2,7,2,2,-1,-4
135,67,148,1,95,7,-2,7,0,0,-1,-5
136,69,149,1,80,9,2,7,2,2,1,-4
137,71,150,1,80,11,2,7,4,4,1,-3
138,74,151,1,80,2,3,7,7,7,1,-2
139,76,152,1,105,4,2,7,9,9,1,-1
140,79,153,1,80,7,3,7,12,0,1,0
141,78,154,1,80,6,-1,7,11,11,-1,-1
142,81,155,1,80,9,3,7,14,2,1,0
143,79,156,1,95,7,-2,7,12,0,-1,-1
144,78,157,1,80,6,-1,7,11,11,-1,-2
145,76,158,1,80,4,-2,7,9,9,-1,-3
146,74,159,1,80,2,-2,7,7,7,-1,-4
147,79,160,3,105,7,5,7,12,0,1,-3
148,81,163,1,80,9,2,7,14,2,1,-2
149,83,164,1,95,11,2,7,16,4,1,-1
150,79,165,1,80,7,-4,7,12,0,-1,-2
151,81,166,1,80,9,2,7,14,2,1,-1
152,78,167,1,80,6,-3,7,11,11,-1,-2
153,79,168,1,105,7,1,7,12,0,1,-1
154,81,169,1,80,9,2,7,14,2,1,0
155,83,170,1,80,11,2,7,16,4,1,1
156,81,171,1,80,9,-2,7,14,2,-1,0
157,79,172,1,95,7,-2,7,12,0,-1,-1
158,78,173,1,80,6,-1,7,11,11,-1,-2
159,76,174,1,80,4,-2,7,9,9,-1,-3
160,74,175,1,80,2,-2,7,7,7,-1,-4
161,71,176,0,105,11,-3,7,4,4,-1,-5
162,72,176,0,80,0,1,7,5,5,1,-4
163,71,177,0,80,11,-1,7,4,4,-1,-5
164,71,178,1,80,11,0,7,4,4,0,-5
165,69,179,1,80,9,-2,7,2,2,-1,-6
166,67,180,1,95,7,-2,7,0,0,-1,-7
167,69,181,1,80,9,2,7,2,2,1,-6
168,71,182,1,80,11,2,7,4,4,1,-5
169,74,183,1,80,2,3,7,7,7,1,-4
170,76,184,1,105,4,2,7,9,9,1,-3
171,79,185,1,80,7,3,7,12,0,1,-2
172,78,186,1,80,6,-1,7,11,11,-1,-3
173,81,187,1,80,9,3,7,14,2,1,-2
174,79,188,3,95,7,-2,7,12,0,-1,-3
175,79,192,3,105,7,0,7,12,0,0,-3
176,81,195,1,80,9,2,7,14,2,1,-2
177,83,196,1,95,11,2,7,16,4,1,-1
178,79,197,1,80,7,-4,7,12,0,-1,-2
179,81,198,1,80,9,2,7,14,2,1,-1
180,78,199,1,80,6,-3,7,11,11,-1,-2
181,79,200,2,105,7,1,7,12,0,1,-1
182,83,202,1,80,11,4,7,16,4,1,0
183,81,203,1,80,9,-2,7,14,2,-1,-1
184,79,204,1,95,7,-2,7,12,0,-1,-2
185,78,205,1,80,6,-1,7,11,11,-1,-3
186,76,206,1,80,4,-2,7,9,9,-1,-4
187,74,207,1,80,2,-2,7,7,7,-1,-5
188,71,208,2,105,11,-3,7,4,4,-1,-6
189,71,210,1,80,11,0,7,4,4,0,-6
190,69,211,1,80,9,-2,7,2,2,-1,-7
191,67,212,2,95,7,-2,7,0,0,-1,-8
192,71,214,1,80,11,4,7,4,4,1,-7
193,74,215,1,80,2,3,7,7,7,1,-6
194,76,216,1,105,4,2,7,9,9,1,-5
195,78,217,1,80,6,2,7,11,11,1,-4
196,78,218,2,80,6,0,7,11,11,0,-4
197,79,220,1,95,7,1,7,12,0,1,-3
198,78,221,1,80,6,-1,7,11,11,-1,-4
199,76,222,1,80,4,-2,7,9,9,-1,-5
200,74,223,1,80,2,-2,7,7,7,-1,-6
201,79,224,3,105,7,5,7,12,0,1,-5
202,81,227,1,80,9,2,7,14,2,1,-4
203,83,228,1,95,11,2,7,16,4,1,-3
204,79,229,1,80,7,-4,7,12,0,-1,-4
205,81,230,1,80,9,2,7,14,2,1,-3
206,78,231,1,80,6,-3,7,11,11,-1,-4
207,79,232,2,105,7,1,7,12,0,1,-3
208,83,234,1,80,11,4,7,16,4,1,-2
209,81,235,1,80,9,-2,7,14,2,-1,-3
210,79,236,1,95,7,-2,7,12,0,-1,-4
211,78,237,1,80,6,-1,7,11,11,-1,-5
212,76,238,1,80,4,-2,7,9,9,-1,-6
213,74,239,1,80,2,-2,7,7,7,-1,-7
214,71,240,2,105,11,-3,7,4,4,-1,-8
215,71,242,1,80,11,0,7,4,4,0,-8
216,69,243,1,80,9,-2,7,2,2,-1,-9
217,67,244,1,95,7,-2,7,0,0,-1,-10
218,69,245,1,80,9,2,7,2,2,1,-9
219,71,246,1,80,11,2,7,4,4,1,-8
220,74,247,1,80,2,3,7,7,7,1,-7
221,76,248,1,105,4,2,7,9,9,1,-6
222,79,249,1,80,7,3,7,12,0,1,-5
223,78,250,1,80,6,-1,7,11,11,-1,-6
224,81,251,1,80,9,3,7,14,2,1,-5
225,79,252,1,95,7,-2,7,12,0,-1,-6
226,76,253,1,80,4,-3,7,9,9,-1,-7
227,74,254,1,80,2,-2,7,7,7,-1,-8
228,71,255,1,80,11,-3,7,4,4,-1,-9
229,67,256,8,105,7,-4,7,0,0,-1,-10
