,midi_note,onset,duration,velocity,pitch_class,interval,root,relative_pitch,relative_pitch_class,parsons_code,parsons_cumsum
0,69,0,2,105,9,0,2,7,7,0,0
1,74,2,1,80,2,5,2,12,0,1,1
2,72,3,1,95,0,-2,2,10,10,-1,0
3,69,4,1,80,9,-3,2,7,7,-1,-1
4,67,5,1,80,7,-2,2,5,5,-1,-2
5,69,6,1,105,9,2,2,7,7,1,-1
6,74,7,1,80,2,5,2,12,0,1,0
7,74,8,1,80,2,0,2,12,0,0,0
8,72,9,1,95,0,-2,2,10,10,-1,-1
9,69,10,1,80,9,-3,2,7,7,-1,-2
10,67,11,1,80,7,-2,2,5,5,-1,-3
11,67,12,1,105,7,0,2,5,5,0,-3
12,66,13,1,80,6,-1,2,4,4,-1,-4
13,62,14,1,80,2,-4,2,0,0,-1,-5
14,62,15,1,95,2,0,2,0,0,0,-5
15,64,16,1,80,4,2,2,2,2,1,-4
16,62,17,1,80,2,-2,2,0,0,-1,-5
17,67,18,1,105,7,5,2,5,5,1,-4
18,66,19,1,80,6,-1,2,4,4,-1,-5
19,64,20,1,80,4,-2,2,2,2,-1,-6
20,62,21,1,95,2,-2,2,0,0,-1,-7
21,64,22,1,80,4,2,2,2,2,1,-6
22,62,23,1,80,2,-2,2,0,0,-1,-7
23,69,24,2,105,9,7,2,7,7,1,-6
24,74,26,1,80,2,5,2,12,0,1,-5
25,72,27,1,95,0,-2,2,10,10,-1,-6
26,69,28,1,80,9,-3,2,7,7,-1,-7
27,67,29,1,80,7,-2,2,5,5,-1,-8
28,69,30,1,105,9,2,2,7,7,1,-7
29,74,31,1,80,2,5,2,12,0,1,-6
30,73,32,1,80,1,-1,2,11,11,-1,-7
31,74,33,2,95,2,1,2,12,0,1,-6
32,76,35,1,80,4,2,2,14,2,1,-5
33,78,36,1,105,6,2,2,16,4,1,-4
34,76,37,1,80,4,-2,2,14,2,-1,-5
35,74,38,1,80,2,-2,2,12,0,-1,-6
36,72,39,1,95,0,-2,2,10,10,-1,-7
37,69,40,1,80,9,-3,2,7,7,-1,-8
38,67,41,1,80,7,-2,2,5,5,-1,-9
39,69,42,1,105,9,2,2,7,7,1,-8
40,74,43,1,80,2,5,2,12,0,1,-7
41,74,44,1,80,2,0,2,12,0,0,-7
42,74,45,3,95,2,0,2,12,0,0,-7
43,69,48,2,105,9,-5,2,7,7,-1,-8
44,74,50,1,80,2,5,2,12,0,1,-7
45,72,51,1,95,0,-2,2,10,10,-1,-8
46,69,52,1,80,9,-3,2,7,7,-1,-9
47,67,53,1,80,7,-2,2,5,5,-1,-10
48,69,54,1,105,9,2,2,7,7,1,-9
49,74,55,1,80,2,5,2,12,0,1,-8
50,74,56,1,80,2,0,2,12,0,0,-8
51,72,57,1,95,0,-2,2,10,10,-1,-9
52,69,58,1,80,9,-3,2,7,7,-1,-10
53,67,59,1,80,7,-2,2,5,5,-1,-11
54,67,60,1,105,7,0,2,5,5,0,-11
55,66,61,1,80,6,-1,2,4,4,-1,-12
56,62,62,1,80,2,-4,2,0,0,-1,-13
57,62,63,1,95,2,0,2,0,0,0,-13
58,64,64,1,80,4,2,2,2,2,1,-12
59,62,65,1,80,2,-2,2,0,0,-1,-13
60,67,66,1,105,7,5,2,5,5,1,-12
61,66,67,1,80,6,-1,2,4,4,-1,-13
62,64,68,1,80,4,-2,2,2,2,-1,-14
63,62,69,1,95,2,-2,2,0,0,-1,-15
64,64,70,1,80,4,2,2,2,2,1,-14
65,62,71,1,80,2,-2,2,0,0,-1,-15
66,69,72,2,105,9,7,2,7,7,1,-14
67,74,74,1,80,2,5,2,12,0,1,-13
68,72,75,1,95,0,-2,2,10,10,-1,-14
69,69,76,1,80,9,-3,2,7,7,-1,-15
70,67,77,1,80,7,-2,2,5,5,-1,-16
71,69,78,1,105,9,2,2,7,7,1,-15
72,74,79,1,80,2,5,2,12,0,1,-14
73,73,80,1,80,1,-1,2,11,11,-1,-15
74,74,81,2,95,2,1,2,12,0,1,-14
75,76,83,1,80,4,2,2,14,2,1,-13
76,78,84,1,105,6,2,2,16,4,1,-12
77,76,85,1,80,4,-2,2,14,2,-1,-13
78,74,86,1,80,2,-2,2,12,0,-1,-14
79,72,87,1,95,0,-2,2,10,10,-1,-15
80,69,88,1,80,9,-3,2,7,7,-1,-16
81,67,89,1,80,7,-2,2,5,5,-1,-17
82,69,90,1,105,9,2,2,7,7,1,-16
83,74,91,1,80,2,5,2,12,0,1,-15
84,74,92,1,80,2,0,2,12,0,0,-15
85,74,93,2,95,2,0,2,12,0,0,-15
86,76,95,1,80,4,2,2,14,2,1,-14
87,78,96,2,105,6,2,2,16,4,1,-13
88,78,98,1,80,6,0,2,16,4,0,-13
89,78,99,1,95,6,0,2,16,4,0,-13
90,76,100,1,80,4,-2,2,14,2,-1,-14
91,74,101,1,80,2,-2,2,12,0,-1,-15
92,76,102,1,105,4,2,2,14,2,1,-14
93,78,103,1,80,6,2,2,16,4,1,-13
94,76,104,1,80,4,-2,2,14,2,-1,-14
95,78,105,2,95,6,2,2,16,4,1,-13
96,76,107,1,80,4,-2,2,14,2,-1,-14
97,74,108,1,105,2,-2,2,12,0,-1,-15
98,73,109,1,80,1,-1,2,11,11,-1,-16
99,74,110,1,80,2,1,2,12,0,1,-15
100,74,111,1,95,2,0,2,12,0,0,-15
101,76,112,1,80,4,2,2,14,2,1,-14
102,78,113,1,80,6,2,2,16,4,1,-13
103,76,114,1,105,4,-2,2,14,2,-1,-14
104,74,115,1,80,2,-2,2,12,0,-1,-15
105,71,116,1,80,11,-3,2,9,9,-1,-16
106,69,117,1,95,9,-2,2,7,7,-1,-17
107,71,118,1,80,11,2,2,9,9,1,-16
108,74,119,1,80,2,3,2,12,0,1,-15
109,78,120,2,105,6,4,2,16,4,1,-14
110,78,122,1,80,6,0,2,16,4,0,-14
111,78,123,1,95,6,0,2,16,4,0,-14
112,76,124,1,80,4,-2,2,14,2,-1,-15
113,74,125,1,80,2,-2,2,12,0,-1,-16
114,76,126,1,105,4,2,2,14,2,1,-15
115,78,127,1,80,6,2,2,16,4,1,-14
116,76,128,1,80,4,-2,2,14,2,-1,-15
117,76,129,1,95,4,0,2,14,2,0,-15
118,78,130,1,80,6,2,2,16,4,1,-14
119,79,131,1,80,7,1,2,17,5,1,-13
120,78,132,1,105,6,-1,2,16,4,-1,-14
121,76,133,1,80,4,-2,2,14,2,-1,-15
122,74,134,1,80,2,-2,2,12,0,-1,-16
123,73,135,1,95,1,-1,2,11,11,-1,-17
124,69,136,1,80,9,-4,2,7,7,-1,-18
125,67,137,1,80,7,-2,2,5,5,-1,-19
126,69,138,1,105,9,2,2,7,7,1,-18
127,74,139,1,80,2,5,2,12,0,1,-17
128,73,140,1,80,1,-1,2,11,11,-1,-18
129,74,141,2,95,2,1,2,12,0,1,-17
130,76,143,1,80,4,2,2,14,2,1,-16
131,78,144,2,105,6,2,2,16,4,1,-15
132,78,146,1,80,6,0,2,16,4,0,-15
133,78,147,1,95,6,0,2,16,4,0,-15
134,76,148,1,80,4,-2,2,14,2,-1,-16
135,74,149,1,80,2,-2,2,12,0,-1,-17
136,76,150,1,105,4,2,2,14,2,1,-16
137,78,151,1,80,6,2,2,16,4,1,-15
138,76,152,1,80,4,-2,2,14,2,-1,-16
139,78,153,2,95,6,2,2,16,4,1,-15
140,76,155,1,80,4,-2,2,14,2,-1,-16
141,74,156,1,105,2,-2,2,12,0,-1,-17
142,73,157,1,80,1,-1,2,11,11,-1,-18
143,74,158,1,80,2,1,2,12,0,1,-17
144,74,159,1,95,2,0,2,12,0,0,-17
145,76,160,1,80,4,2,2,14,2,1,-16
146,78,161,1,80,6,2,2,16,4,1,-15
147,76,162,1,105,4,-2,2,14,2,-1,-16
148,74,163,1,80,2,-2,2,12,0,-1,-17
149,71,164,1,80,11,-3,2,9,9,-1,-18
150,69,165,1,95,9,-2,2,7,7,-1,-19
151,71,166,1,80,11,2,2,9,9,1,-18
152,74,167,1,80,2,3,2,12,0,1,-17
153,78,168,2,105,6,4,2,16,4,1,-16
154,78,170,1,80,6,0,2,16,4,0,-16
155,78,171,1,95,6,0,2,16,4,0,-16
156,76,172,1,80,4,-2,2,14,2,-1,-17
157,74,173,1,80,2,-2,2,12,0,-1,-18
158,76,174,1,105,4,2,2,14,2,1,-17
159,78,175,1,80,6,2,2,16,4,1,-16
160,76,176,1,80,4,-2,2,14,2,-1,-17
161,76,177,1,95,4,0,2,14,2,0,-17
162,78,178,1,80,6,2,2,16,4,1,-16
163,79,179,1,80,7,1,2,17,5,1,-15
164,78,180,1,105,6,-1,2,16,4,-1,-16
165,76,181,1,80,4,-2,2,14,2,-1,-17
166,74,182,1,80,2,-2,2,12,0,-1,-18
167,73,183,1,95,1,-1,2,11,11,-1,-19
168,69,184,1,80,9,-4,2,7,7,-1,-20
169,67,185,1,80,7,-2,2,5,5,-1,-21
170,69,186,1,105,9,2,2,7,7,1,-20
171,74,187,1,80,2,5,2,12,0,1,-19
172,73,188,1,80,1,-1,2,11,11,-1,-20
173,74,189,2,95,2,1,2,12,0,1,-19
