,midi_note,onset,duration,velocity,pitch_class,interval,root,relative_pitch,relative_pitch_class,parsons_code,parsons_cumsum
0,69,0,1,105,9,0,2,7,7,0,0
1,67,1,0,80,7,-2,2,5,5,-1,-1
2,66,2,1,105,6,-1,2,4,4,-1,-2
3,69,3,0,80,9,3,2,7,7,1,-1
4,74,4,1,80,2,5,2,12,0,1,0
5,79,5,0,80,7,5,2,17,5,1,1
6,78,6,1,95,6,-1,2,16,4,-1,0
7,74,7,0,80,2,-4,2,12,0,-1,-1
8,69,8,1,80,9,-5,2,7,7,-1,-2
9,67,9,0,80,7,-2,2,5,5,-1,-3
10,66,10,1,105,6,-1,2,4,4,-1,-4
11,69,11,0,80,9,3,2,7,7,1,-3
12,74,12,1,80,2,5,2,12,0,1,-2
13,79,13,0,80,7,5,2,17,5,1,-1
14,78,14,1,95,6,-1,2,16,4,-1,-2
15,74,15,0,80,2,-4,2,12,0,-1,-3
16,69,16,1,80,9,-5,2,7,7,-1,-4
17,67,17,0,80,7,-2,2,5,5,-1,-5
18,66,18,1,105,6,-1,2,4,4,-1,-6
19,69,19,0,80,9,3,2,7,7,1,-5
20,74,20,1,80,2,5,2,12,0,1,-4
21,78,21,0,80,6,4,2,16,4,1,-3
22,79,22,2,95,7,1,2,17,5,1,-2
23,78,24,1,80,6,-1,2,16,4,-1,-3
24,79,25,0,80,7,1,2,17,5,1,-2
25,76,26,1,105,4,-3,2,14,2,-1,-3
26,74,27,0,80,2,-2,2,12,0,-1,-4
27,73,28,1,80,1,-1,2,11,11,-1,-5
28,71,29,0,80,11,-2,2,9,9,-1,-6
29,69,30,1,95,9,-2,2,7,7,-1,-7
30,67,31,0,80,7,-2,2,5,5,-1,-8
31,66,32,1,80,6,-1,2,4,4,-1,-9
32,64,33,0,80,4,-2,2,2,2,-1,-10
33,66,34,1,105,6,2,2,4,4,1,-9
34,69,35,0,80,9,3,2,7,7,1,-8
35,74,36,1,80,2,5,2,12,0,1,-7
36,79,37,0,80,7,5,2,17,5,1,-6
37,78,38,1,95,6,-1,2,16,4,-1,-7
38,74,39,0,80,2,-4,2,12,0,-1,-8
39,69,40,1,80,9,-5,2,7,7,-1,-9
40,67,41,0,80,7,-2,2,5,5,-1,-10
41,66,42,1,105,6,-1,2,4,4,-1,-11
42,69,43,0,80,9,3,2,7,7,1,-10
43,74,44,1,80,2,5,2,12,0,1,-9
44,79,45,0,80,7,5,2,17,5,1,-8
45,78,46,1,95,6,-1,2,16,4,-1,-9
46,74,47,0,80,2,-4,2,12,0,-1,-10
47,69,48,1,80,9,-5,2,7,7,-1,-11
48,67,49,0,80,7,-2,2,5,5,-1,-12
49,66,50,1,105,6,-1,2,4,4,-1,-13
50,69,51,0,80,9,3,2,7,7,1,-12
51,74,52,1,80,2,5,2,12,0,1,-11
52,78,53,0,80,6,4,2,16,4,1,-10
53,79,54,1,95,7,1,2,17,5,1,-9
54,83,55,0,80,11,4,2,21,9,1,-8
55,81,56,1,80,9,-2,2,19,7,-1,-9
56,79,57,0,80,7,-2,2,17,5,-1,-10
57,78,58,1,105,6,-1,2,16,4,-1,-11
58,74,59,0,80,2,-4,2,12,0,-1,-12
59,76,60,1,80,4,2,2,14,2,1,-11
60,73,61,0,80,1,-3,2,11,11,-1,-12
61,74,62,2,95,2,1,2,12,0,1,-11
62,69,64,1,80,9,-5,2,7,7,-1,-12
63,67,65,0,80,7,-2,2,5,5,-1,-13
64,66,66,1,105,6,-1,2,4,4,-1,-14
65,69,67,0,80,9,3,2,7,7,1,-13
66,74,68,1,80,2,5,2,12,0,1,-12
67,79,69,0,80,7,5,2,17,5,1,-11
68,78,70,1,95,6,-1,2,16,4,-1,-12
69,74,71,0,80,2,-4,2,12,0,-1,-13
70,69,72,1,80,9,-5,2,7,7,-1,-14
71,67,73,0,80,7,-2,2,5,5,-1,-15
72,66,74,1,105,6,-1,2,4,4,-1,-16
73,69,75,0,80,9,3,2,7,7,1,-15
74,74,76,1,80,2,5,2,12,0,1,-14
75,79,77,0,80,7,5,2,17,5,1,-13
76,78,78,1,95,6,-1,2,16,4,-1,-14
77,74,79,0,80,2,-4,2,12,0,-1,-15
78,69,80,1,80,9,-5,2,7,7,-1,-16
79,67,81,0,80,7,-2,2,5,5,-1,-17
80,66,82,1,105,6,-1,2,4,4,-1,-18
81,69,83,0,80,9,3,2,7,7,1,-17
82,74,84,1,80,2,5,2,12,0,1,-16
83,78,85,0,80,6,4,2,16,4,1,-15
84,79,86,2,95,7,1,2,17,5,1,-14
85,78,88,1,80,6,-1,2,16,4,-1,-15
86,79,89,0,80,7,1,2,17,5,1,-14
87,76,90,1,105,4,-3,2,14,2,-1,-15
88,74,91,0,80,2,-2,2,12,0,-1,-16
89,73,92,1,80,1,-1,2,11,11,-1,-17
90,71,93,0,80,11,-2,2,9,9,-1,-18
91,69,94,1,95,9,-2,2,7,7,-1,-19
92,67,95,0,80,7,-2,2,5,5,-1,-20
93,66,96,1,80,6,-1,2,4,4,-1,-21
94,64,97,0,80,4,-2,2,2,2,-1,-22
95,66,98,1,105,6,2,2,4,4,1,-21
96,69,99,0,80,9,3,2,7,7,1,-20
97,74,100,1,80,2,5,2,12,0,1,-19
98,79,101,0,80,7,5,2,17,5,1,-18
99,78,102,1,95,6,-1,2,16,4,-1,-19
100,74,103,0,80,2,-4,2,12,0,-1,-20
101,69,104,1,80,9,-5,2,7,7,-1,-21
102,67,105,0,80,7,-2,2,5,5,-1,-22
103,66,106,1,105,6,-1,2,4,4,-1,-23
104,69,107,0,80,9,3,2,7,7,1,-22
105,74,108,1,80,2,5,2,12,0,1,-21
106,79,109,0,80,7,5,2,17,5,1,-20
107,78,110,1,95,6,-1,2,16,4,-1,-21
108,74,111,0,80,2,-4,2,12,0,-1,-22
109,69,112,1,80,9,-5,2,7,7,-1,-23
110,67,113,0,80,7,-2,2,5,5,-1,-24
111,66,114,1,105,6,-1,2,4,4,-1,-25
112,69,115,0,80,9,3,2,7,7,1,-24
113,74,116,1,80,2,5,2,12,0,1,-23
114,78,117,0,80,6,4,2,16,4,1,-22
115,79,118,1,95,7,1,2,17,5,1,-21
116,83,119,0,80,11,4,2,21,9,1,-20
117,81,120,1,80,9,-2,2,19,7,-1,-21
118,79,121,0,80,7,-2,2,17,5,-1,-22
119,78,122,1,105,6,-1,2,16,4,-1,-23
120,74,123,0,80,2,-4,2,12,0,-1,-24
121,76,124,1,80,4,2,2,14,2,1,-23
122,73,125,0,80,1,-3,2,11,11,-1,-24
123,74,126,2,95,2,1,2,12,0,1,-23
124,78,128,1,80,6,4,2,16,4,1,-22
125,79,129,0,80,7,1,2,17,5,1,-21
126,81,130,1,105,9,2,2,19,7,1,-20
127,78,131,0,80,6,-3,2,16,4,-1,-21
128,74,132,1,80,2,-4,2,12,0,-1,-22
129,78,133,0,80,6,4,2,16,4,1,-21
130,79,134,3,95,7,1,2,17,5,1,-20
131,78,137,1,80,6,-1,2,16,4,-1,-21
132,76,138,1,105,4,-2,2,14,2,-1,-22
133,74,139,0,80,2,-2,2,12,0,-1,-23
134,73,140,1,80,1,-1,2,11,11,-1,-24
135,71,141,0,80,11,-2,2,9,9,-1,-25
136,69,142,1,95,9,-2,2,7,7,-1,-26
137,67,143,0,80,7,-2,2,5,5,-1,-27
138,66,144,1,80,6,-1,2,4,4,-1,-28
139,62,145,0,80,2,-4,2,0,0,-1,-29
140,66,146,1,105,6,4,2,4,4,1,-28
141,69,147,0,80,9,3,2,7,7,1,-27
142,74,148,1,80,2,5,2,12,0,1,-26
143,78,149,0,80,6,4,2,16,4,1,-25
144,79,150,2,95,7,1,2,17,5,1,-24
145,78,152,1,80,6,-1,2,16,4,-1,-25
146,79,153,0,80,7,1,2,17,5,1,-24
147,76,154,1,105,4,-3,2,14,2,-1,-25
148,74,155,0,80,2,-2,2,12,0,-1,-26
149,73,156,1,80,1,-1,2,11,11,-1,-27
150,71,157,0,80,11,-2,2,9,9,-1,-28
151,69,158,2,95,9,-2,2,7,7,-1,-29
152,78,160,1,80,6,9,2,16,4,1,-28
153,79,161,0,80,7,1,2,17,5,1,-27
154,81,162,1,105,9,2,2,19,7,1,-26
155,78,163,0,80,6,-3,2,16,4,-1,-27
156,74,164,1,80,2,-4,2,12,0,-1,-28
157,78,165,0,80,6,4,2,16,4,1,-27
158,79,166,2,95,7,1,2,17,5,1,-26
159,78,168,1,80,6,-1,2,16,4,-1,-27
160,79,169,0,80,7,1,2,17,5,1,-26
161,76,170,1,105,4,-3,2,14,2,-1,-27
162,74,171,0,80,2,-2,2,12,0,-1,-28
163,73,172,1,80,1,-1,2,11,11,-1,-29
164,71,173,0,80,11,-2,2,9,9,-1,-30
165,69,174,1,95,9,-2,2,7,7,-1,-31
166,67,175,0,80,7,-2,2,5,5,-1,-32
167,66,176,1,80,6,-1,2,4,4,-1,-33
168,62,177,0,80,2,-4,2,0,0,-1,-34
169,66,178,1,105,6,4,2,4,4,1,-33
170,69,179,0,80,9,3,2,7,7,1,-32
171,74,180,1,80,2,5,2,12,0,1,-31
172,78,181,0,80,6,4,2,16,4,1,-30
173,67,182,1,95,7,-11,2,5,5,-1,-31
174,71,183,0,80,11,4,2,9,9,1,-30
175,74,184,1,80,2,3,2,12,0,1,-29
176,79,185,0,80,7,5,2,17,5,1,-28
177,78,186,0,105,6,-1,2,16,4,-1,-29
178,76,186,0,80,4,-2,2,14,2,-1,-30
179,74,187,0,80,2,-2,2,12,0,-1,-31
180,76,188,1,80,4,2,2,14,2,1,-30
181,73,189,0,80,1,-3,2,11,11,-1,-31
182,74,190,2,95,2,1,2,12,0,1,-30
183,78,192,1,80,6,4,2,16,4,1,-29
184,79,193,0,80,7,1,2,17,5,1,-28
185,81,194,1,105,9,2,2,19,7,1,-27
186,78,195,0,80,6,-3,2,16,4,-1,-28
187,74,196,1,80,2,-4,2,12,0,-1,-29
188,78,197,0,80,6,4,2,16,4,1,-28
189,79,198,3,95,7,1,2,17,5,1,-27
190,78,201,1,80,6,-1,2,16,4,-1,-28
191,76,202,1,105,4,-2,2,14,2,-1,-29
192,74,203,0,80,2,-2,2,12,0,-1,-30
193,73,204,1,80,1,-1,2,11,11,-1,-31
194,71,205,0,80,11,-2,2,9,9,-1,-32
195,69,206,1,95,9,-2,2,7,7,-1,-33
196,67,207,0,80,7,-2,2,5,5,-1,-34
197,66,208,1,80,6,-1,2,4,4,-1,-35
198,62,209,0,80,2,-4,2,0,0,-1,-36
199,66,210,1,105,6,4,2,4,4,1,-35
200,69,211,0,80,9,3,2,7,7,1,-34
201,74,212,1,80,2,5,2,12,0,1,-33
202,78,213,0,80,6,4,2,16,4,1,-32
203,79,214,2,95,7,1,2,17,5,1,-31
204,78,216,1,80,6,-1,2,16,4,-1,-32
205,79,217,0,80,7,1,2,17,5,1,-31
206,76,218,1,105,4,-3,2,14,2,-1,-32
207,74,219,0,80,2,-2,2,12,0,-1,-33
208,73,220,1,80,1,-1,2,11,11,-1,-34
209,71,221,0,80,11,-2,2,9,9,-1,-35
210,69,222,2,95,9,-2,2,7,7,-1,-36
211,78,224,1,80,6,9,2,16,4,1,-35
212,79,225,0,80,7,1,2,17,5,1,-34
213,81,226,1,105,9,2,2,19,7,1,-33
214,78,227,0,80,6,-3,2,16,4,-1,-34
215,74,228,1,80,2,-4,2,12,0,-1,-35
216,78,229,0,80,6,4,2,16,4,1,-34
217,79,230,2,95,7,1,2,17,5,1,-33
218,78,232,1,80,6,-1,2,16,4,-1,-34
219,79,233,0,80,7,1,2,17,5,1,-33
220,76,234,1,105,4,-3,2,14,2,-1,-34
221,74,235,0,80,2,-2,2,12,0,-1,-35
222,73,236,1,80,1,-1,2,11,11,-1,-36
223,71,237,0,80,11,-2,2,9,9,-1,-37
224,69,238,1,95,9,-2,2,7,7,-1,-38
225,67,239,0,80,7,-2,2,5,5,-1,-39
226,66,240,1,80,6,-1,2,4,4,-1,-40
227,62,241,0,80,2,-4,2,0,0,-1,-41
228,66,242,1,105,6,4,2,4,4,1,-40
229,69,243,0,80,9,3,2,7,7,1,-39
230,74,244,1,80,2,5,2,12,0,1,-38
231,78,245,0,80,6,4,2,16,4,1,-37
232,67,246,1,95,7,-11,2,5,5,-1,-38
233,71,247,0,80,11,4,2,9,9,1,-37
234,74,248,1,80,2,3,2,12,0,1,-36
235,79,249,0,80,7,5,2,17,5,1,-35
236,78,250,0,105,6,-1,2,16,4,-1,-36
237,76,250,0,80,4,-2,2,14,2,-1,-37
238,74,251,0,80,2,-2,2,12,0,-1,-38
239,76,252,1,80,4,2,2,14,2,1,-37
240,73,253,0,80,1,-3,2,11,11,-1,-38
241,74,254,2,95,2,1,2,12,0,1,-37
