,midi_note,onset,duration,velocity,pitch_class,interval,root,relative_pitch,relative_pitch_class,parsons_code,parsons_cumsum
0,71,0,0,105,11,0,7,4,4,0,0
1,69,0,0,80,9,-2,7,2,2,-1,-1
2,67,1,1,105,7,-2,7,0,0,-1,-2
3,55,2,1,80,7,-12,7,-12,0,-1,-3
4,59,3,1,80,11,4,7,-8,4,1,-2
5,62,4,1,95,2,3,7,-5,7,1,-1
6,67,5,1,80,7,5,7,0,0,1,0
7,71,6,1,80,11,4,7,4,4,1,1
8,74,7,1,105,2,3,7,7,7,1,2
9,73,8,1,80,1,-1,7,6,6,-1,1
10,76,9,1,80,4,3,7,9,9,1,2
11,74,10,1,95,2,-2,7,7,7,-1,1
12,71,11,1,80,11,-3,7,4,4,-1,0
13,67,12,1,80,7,-4,7,0,0,-1,-1
14,72,13,1,105,0,5,7,5,5,1,0
15,71,14,1,80,11,-1,7,4,4,-1,-1
16,72,15,1,80,0,1,7,5,5,1,0
17,69,16,1,95,9,-3,7,2,2,-1,-1
18,71,17,1,80,11,2,7,4,4,1,0
19,72,18,1,80,0,1,7,5,5,1,1
20,74,19,2,105,2,2,7,7,7,1,2
21,76,21,1,80,4,2,7,9,9,1,3
22,74,22,2,95,2,-2,7,7,7,-1,2
23,69,24,1,80,9,-5,7,2,2,-1,1
24,67,25,1,105,7,-2,7,0,0,-1,0
25,55,26,1,80,7,-12,7,-12,0,-1,-1
26,59,27,1,80,11,4,7,-8,4,1,0
27,62,28,1,95,2,3,7,-5,7,1,1
28,67,29,1,80,7,5,7,0,0,1,2
29,71,30,1,80,11,4,7,4,4,1,3
30,74,31,1,105,2,3,7,7,7,1,4
31,73,32,1,80,1,-1,7,6,6,-1,3
32,76,33,1,80,4,3,7,9,9,1,4
33,74,34,1,95,2,-2,7,7,7,-1,3
34,71,35,1,80,11,-3,7,4,4,-1,2
35,67,36,1,80,7,-4,7,0,0,-1,1
36,72,37,1,105,0,5,7,5,5,1,2
37,71,38,1,80,11,-1,7,4,4,-1,1
38,72,39,1,80,0,1,7,5,5,1,2
39,69,40,1,95,9,-3,7,2,2,-1,1
40,71,41,1,80,11,2,7,4,4,1,2
41,72,42,1,80,0,1,7,5,5,1,3
42,76,43,1,105,4,4,7,9,9,1,4
43,74,44,1,80,2,-2,7,7,7,-1,3
44,66,45,1,80,6,-8,7,-1,11,-1,2
45,67,46,2,95,7,1,7,0,0,1,3
46,71,48,0,80,11,4,7,4,4,1,4
47,69,48,0,80,9,-2,7,2,2,-1,3
48,67,49,1,105,7,-2,7,0,0,-1,2
49,55,50,1,80,7,-12,7,-12,0,-1,1
50,59,51,1,80,11,4,7,-8,4,1,2
51,62,52,1,95,2,3,7,-5,7,1,3
52,67,53,1,80,7,5,7,0,0,1,4
53,71,54,1,80,11,4,7,4,4,1,5
54,74,55,1,105,2,3,7,7,7,1,6
55,73,56,1,80,1,-1,7,6,6,-1,5
56,76,57,1,80,4,3,7,9,9,1,6
57,74,58,1,95,2,-2,7,7,7,-1,5
58,71,59,1,80,11,-3,7,4,4,-1,4
59,67,60,1,80,7,-4,7,0,0,-1,3
60,72,61,1,105,0,5,7,5,5,1,4
61,71,62,1,80,11,-1,7,4,4,-1,3
62,72,63,1,80,0,1,7,5,5,1,4
63,69,64,1,95,9,-3,7,2,2,-1,3
64,71,65,1,80,11,2,7,4,4,1,4
65,72,66,1,80,0,1,7,5,5,1,5
66,74,67,2,105,2,2,7,7,7,1,6
67,76,69,1,80,4,2,7,9,9,1,7
68,74,70,2,95,2,-2,7,7,7,-1,6
69,69,72,1,80,9,-5,7,2,2,-1,5
70,67,73,1,105,7,-2,7,0,0,-1,4
71,55,74,1,80,7,-12,7,-12,0,-1,3
72,59,75,1,80,11,4,7,-8,4,1,4
73,62,76,1,95,2,3,7,-5,7,1,5
74,67,77,1,80,7,5,7,0,0,1,6
75,71,78,1,80,11,4,7,4,4,1,7
76,74,79,1,105,2,3,7,7,7,1,8
77,73,80,1,80,1,-1,7,6,6,-1,7
78,76,81,1,80,4,3,7,9,9,1,8
79,74,82,1,95,2,-2,7,7,7,-1,7
80,71,83,1,80,11,-3,7,4,4,-1,6
81,67,84,1,80,7,-4,7,0,0,-1,5
82,72,85,1,105,0,5,7,5,5,1,6
83,71,86,1,80,11,-1,7,4,4,-1,5
84,72,87,1,80,0,1,7,5,5,1,6
85,69,88,1,95,9,-3,7,2,2,-1,5
86,71,89,1,80,11,2,7,4,4,1,6
87,72,90,1,80,0,1,7,5,5,1,7
88,76,91,1,105,4,4,7,9,9,1,8
89,74,92,1,80,2,-2,7,7,7,-1,7
90,66,93,1,80,6,-8,7,-1,11,-1,6
91,67,94,2,95,7,1,7,0,0,1,7
92,71,96,0,80,11,4,7,4,4,1,8
93,74,96,0,80,2,3,7,7,7,1,9
94,79,97,1,105,7,5,7,12,0,1,10
95,78,98,1,80,6,-1,7,11,11,-1,9
96,79,99,1,80,7,1,7,12,0,1,10
97,67,100,1,95,7,-12,7,0,0,-1,9
98,71,101,1,80,11,4,7,4,4,1,10
99,74,102,1,80,2,3,7,7,7,1,11
100,83,103,1,105,11,9,7,16,4,1,12
101,81,104,1,80,9,-2,7,14,2,-1,11
102,79,105,1,80,7,-2,7,12,0,-1,10
103,78,106,1,95,6,-1,7,11,11,-1,9
104,76,107,1,80,4,-2,7,9,9,-1,8
105,74,108,1,80,2,-2,7,7,7,-1,7
106,72,109,1,105,0,-2,7,5,5,-1,6
107,71,110,1,80,11,-1,7,4,4,-1,5
108,72,111,1,80,0,1,7,5,5,1,6
109,69,112,1,95,9,-3,7,2,2,-1,5
110,71,113,1,80,11,2,7,4,4,1,6
111,72,114,1,80,0,1,7,5,5,1,7
112,74,115,2,105,2,2,7,7,7,1,8
113,76,117,1,80,4,2,7,9,9,1,9
114,74,118,1,95,2,-2,7,7,7,-1,8
115,76,119,1,80,4,2,7,9,9,1,9
116,78,120,1,80,6,2,7,11,11,1,10
117,79,121,1,105,7,1,7,12,0,1,11
118,78,122,1,80,6,-1,7,11,11,-1,10
119,79,123,1,80,7,1,7,12,0,1,11
120,67,124,1,95,7,-12,7,0,0,-1,10
121,71,125,1,80,11,4,7,4,4,1,11
122,74,126,1,80,2,3,7,7,7,1,12
123,83,127,1,105,11,9,7,16,4,1,13
124,81,128,1,80,9,-2,7,14,2,-1,12
125,79,129,1,80,7,-2,7,12,0,-1,11
126,78,130,1,95,6,-1,7,11,11,-1,10
127,76,131,1,80,4,-2,7,9,9,-1,9
128,74,132,1,80,2,-2,7,7,7,-1,8
129,72,133,1,105,0,-2,7,5,5,-1,7
130,71,134,1,80,11,-1,7,4,4,-1,6
131,72,135,1,80,0,1,7,5,5,1,7
132,69,136,1,95,9,-3,7,2,2,-1,6
133,71,137,1,80,11,2,7,4,4,1,7
134,72,138,1,80,0,1,7,5,5,1,8
135,76,139,1,105,4,4,7,9,9,1,9
136,74,140,1,80,2,-2,7,7,7,-1,8
137,66,141,1,80,6,-8,7,-1,11,-1,7
138,67,142,2,95,7,1,7,0,0,1,8
139,71,144,0,80,11,4,7,4,4,1,9
140,74,144,0,80,2,3,7,7,7,1,10
141,79,145,1,105,7,5,7,12,0,1,11
142,78,146,1,80,6,-1,7,11,11,-1,10
143,79,147,1,80,7,1,7,12,0,1,11
144,67,148,1,95,7,-12,7,0,0,-1,10
145,71,149,1,80,11,4,7,4,4,1,11
146,74,150,1,80,2,3,7,7,7,1,12
147,83,151,1,105,11,9,7,16,4,1,13
148,81,152,1,80,9,-2,7,14,2,-1,12
149,79,153,1,80,7,-2,7,12,0,-1,11
150,78,154,1,95,6,-1,7,11,11,-1,10
151,76,155,1,80,4,-2,7,9,9,-1,9
152,74,156,1,80,2,-2,7,7,7,-1,8
153,72,157,1,105,0,-2,7,5,5,-1,7
154,71,158,1,80,11,-1,7,4,4,-1,6
155,72,159,1,80,0,1,7,5,5,1,7
156,69,160,1,95,9,-3,7,2,2,-1,6
157,71,161,1,80,11,2,7,4,4,1,7
158,72,162,1,80,0,1,7,5,5,1,8
159,74,163,2,105,2,2,7,7,7,1,9
160,76,165,1,80,4,2,7,9,9,1,10
161,74,166,1,95,2,-2,7,7,7,-1,9
162,76,167,1,80,4,2,7,9,9,1,10
163,78,168,1,80,6,2,7,11,11,1,11
164,79,169,1,105,7,1,7,12,0,1,12
165,78,170,1,80,6,-1,7,11,11,-1,11
166,79,171,1,80,7,1,7,12,0,1,12
167,67,172,1,95,7,-12,7,0,0,-1,11
168,71,173,1,80,11,4,7,4,4,1,12
169,74,174,1,80,2,3,7,7,7,1,13
170,83,175,1,105,11,9,7,16,4,1,14
171,81,176,1,80,9,-2,7,14,2,-1,13
172,79,177,1,80,7,-2,7,12,0,-1,12
173,78,178,1,95,6,-1,7,11,11,-1,11
174,76,179,1,80,4,-2,7,9,9,-1,10
175,74,180,1,80,2,-2,7,7,7,-1,9
176,72,181,1,105,0,-2,7,5,5,-1,8
177,71,182,1,80,11,-1,7,4,4,-1,7
178,72,183,1,80,0,1,7,5,5,1,8
179,69,184,1,95,9,-3,7,2,2,-1,7
180,71,185,1,80,11,2,7,4,4,1,8
181,72,186,1,80,0,1,7,5,5,1,9
182,76,187,1,105,4,4,7,9,9,1,10
183,74,188,1,80,2,-2,7,7,7,-1,9
184,66,189,1,80,6,-8,7,-1,11,-1,8
185,67,190,2,95,7,1,7,0,0,1,9
