,midi_note,onset,duration,velocity,pitch_class,interval,root,relative_pitch,relative_pitch_class,parsons_code,parsons_cumsum
0,71,0,1,105,11,0,7,4,4,0,0
1,69,1,1,80,9,-2,7,2,2,-1,-1
2,71,2,1,80,11,2,7,4,4,1,0
3,74,3,1,95,2,3,7,7,7,1,1
4,71,4,1,80,11,-3,7,4,4,-1,0
5,69,5,1,80,9,-2,7,2,2,-1,-1
6,67,6,1,105,7,-2,7,0,0,-1,-2
7,64,7,1,80,4,-3,7,-3,9,-1,-3
8,62,8,1,80,2,-2,7,-5,7,-1,-4
9,67,9,2,95,7,5,7,0,0,1,-3
10,69,11,1,80,9,2,7,2,2,1,-2
11,71,12,1,105,11,2,7,4,4,1,-1
12,76,13,1,80,4,5,7,9,9,1,0
13,76,14,1,80,4,0,7,9,9,0,0
14,74,15,1,95,2,-2,7,7,7,-1,-1
15,71,16,1,80,11,-3,7,4,4,-1,-2
16,69,17,1,80,9,-2,7,2,2,-1,-3
17,72,18,1,105,0,3,7,5,5,1,-2
18,71,19,1,80,11,-1,7,4,4,-1,-3
19,72,20,1,80,0,1,7,5,5,1,-2
20,69,21,1,95,9,-3,7,2,2,-1,-3
21,67,22,1,80,7,-2,7,0,0,-1,-4
22,69,23,1,80,9,2,7,2,2,1,-3
23,71,24,1,105,11,2,7,4,4,1,-2
24,69,25,1,80,9,-2,7,2,2,-1,-3
25,71,26,1,80,11,2,7,4,4,1,-2
26,74,27,1,95,2,3,7,7,7,1,-1
27,71,28,1,80,11,-3,7,4,4,-1,-2
28,69,29,1,80,9,-2,7,2,2,-1,-3
29,67,30,1,105,7,-2,7,0,0,-1,-4
30,64,31,1,80,4,-3,7,-3,9,-1,-5
31,62,32,1,80,2,-2,7,-5,7,-1,-6
32,67,33,2,95,7,5,7,0,0,1,-5
33,69,35,1,80,9,2,7,2,2,1,-4
34,71,36,1,105,11,2,7,4,4,1,-3
35,76,37,1,80,4,5,7,9,9,1,-2
36,76,38,1,80,4,0,7,9,9,0,-2
37,74,39,1,95,2,-2,7,7,7,-1,-3
38,71,40,1,80,11,-3,7,4,4,-1,-4
39,69,41,1,80,9,-2,7,2,2,-1,-5
40,71,42,1,105,11,2,7,4,4,1,-4
41,67,43,1,80,7,-4,7,0,0,-1,-5
42,67,44,1,80,7,0,7,0,0,0,-5
43,67,45,3,95,7,0,7,0,0,0,-5
44,71,48,1,105,11,4,7,4,4,1,-4
45,69,49,1,80,9,-2,7,2,2,-1,-5
46,71,50,1,80,11,2,7,4,4,1,-4
47,74,51,1,95,2,3,7,7,7,1,-3
48,71,52,1,80,11,-3,7,4,4,-1,-4
49,69,53,1,80,9,-2,7,2,2,-1,-5
50,67,54,1,105,7,-2,7,0,0,-1,-6
51,64,55,1,80,4,-3,7,-3,9,-1,-7
52,62,56,1,80,2,-2,7,-5,7,-1,-8
53,67,57,2,95,7,5,7,0,0,1,-7
54,69,59,1,80,9,2,7,2,2,1,-6
55,71,60,1,105,11,2,7,4,4,1,-5
56,76,61,1,80,4,5,7,9,9,1,-4
57,76,62,1,80,4,0,7,9,9,0,-4
58,74,63,1,95,2,-2,7,7,7,-1,-5
59,71,64,1,80,11,-3,7,4,4,-1,-6
60,69,65,1,80,9,-2,7,2,2,-1,-7
61,72,66,1,105,0,3,7,5,5,1,-6
62,71,67,1,80,11,-1,7,4,4,-1,-7
63,72,68,1,80,0,1,7,5,5,1,-6
64,69,69,1,95,9,-3,7,2,2,-1,-7
65,67,70,1,80,7,-2,7,0,0,-1,-8
66,69,71,1,80,9,2,7,2,2,1,-7
67,71,72,1,105,11,2,7,4,4,1,-6
68,69,73,1,80,9,-2,7,2,2,-1,-7
69,71,74,1,80,11,2,7,4,4,1,-6
70,74,75,1,95,2,3,7,7,7,1,-5
71,71,76,1,80,11,-3,7,4,4,-1,-6
72,69,77,1,80,9,-2,7,2,2,-1,-7
73,67,78,1,105,7,-2,7,0,0,-1,-8
74,64,79,1,80,4,-3,7,-3,9,-1,-9
75,62,80,1,80,2,-2,7,-5,7,-1,-10
76,67,81,2,95,7,5,7,0,0,1,-9
77,69,83,1,80,9,2,7,2,2,1,-8
78,71,84,1,105,11,2,7,4,4,1,-7
79,76,85,1,80,4,5,7,9,9,1,-6
80,76,86,1,80,4,0,7,9,9,0,-6
81,74,87,1,95,2,-2,7,7,7,-1,-7
82,71,88,1,80,11,-3,7,4,4,-1,-8
83,69,89,1,80,9,-2,7,2,2,-1,-9
84,71,90,1,105,11,2,7,4,4,1,-8
85,67,91,1,80,7,-4,7,0,0,-1,-9
86,67,92,1,80,7,0,7,0,0,0,-9
87,67,93,3,95,7,0,7,0,0,0,-9
88,79,96,1,105,7,12,7,12,0,1,-8
89,78,97,1,80,6,-1,7,11,11,-1,-9
90,79,98,1,80,7,1,7,12,0,1,-8
91,81,99,1,95,9,2,7,14,2,1,-7
92,79,100,1,80,7,-2,7,12,0,-1,-8
93,76,101,1,80,4,-3,7,9,9,-1,-9
94,74,102,1,105,2,-2,7,7,7,-1,-10
95,76,103,1,80,4,2,7,9,9,1,-9
96,74,104,1,80,2,-2,7,7,7,-1,-10
97,74,105,1,95,2,0,7,7,7,0,-10
98,76,106,1,80,4,2,7,9,9,1,-9
99,78,107,1,80,6,2,7,11,11,1,-8
100,79,108,1,105,7,1,7,12,0,1,-7
101,78,109,1,80,6,-1,7,11,11,-1,-8
102,79,110,1,80,7,1,7,12,0,1,-7
103,81,111,1,95,9,2,7,14,2,1,-6
104,79,112,1,80,7,-2,7,12,0,-1,-7
105,78,113,1,80,6,-1,7,11,11,-1,-8
106,79,114,2,105,7,1,7,12,0,1,-7
107,74,116,1,80,2,-5,7,7,7,-1,-8
108,71,117,2,95,11,-3,7,4,4,-1,-9
109,74,119,1,80,2,3,7,7,7,1,-8
110,79,120,1,105,7,5,7,12,0,1,-7
111,78,121,1,80,6,-1,7,11,11,-1,-8
112,79,122,1,80,7,1,7,12,0,1,-7
113,81,123,1,95,9,2,7,14,2,1,-6
114,79,124,1,80,7,-2,7,12,0,-1,-7
115,76,125,1,80,4,-3,7,9,9,-1,-8
116,74,126,1,105,2,-2,7,7,7,-1,-9
117,76,127,1,80,4,2,7,9,9,1,-8
118,74,128,1,80,2,-2,7,7,7,-1,-9
119,74,129,1,95,2,0,7,7,7,0,-9
120,76,130,1,80,4,2,7,9,9,1,-8
121,78,131,1,80,6,2,7,11,11,1,-7
122,79,132,1,105,7,1,7,12,0,1,-6
123,78,133,1,80,6,-1,7,11,11,-1,-7
124,79,134,1,80,7,1,7,12,0,1,-6
125,81,135,1,95,9,2,7,14,2,1,-5
126,79,136,1,80,7,-2,7,12,0,-1,-6
127,78,137,1,80,6,-1,7,11,11,-1,-7
128,79,138,3,105,7,1,7,12,0,1,-6
129,79,141,3,95,7,0,7,12,0,0,-6
130,79,144,1,105,7,0,7,12,0,0,-6
131,78,145,1,80,6,-1,7,11,11,-1,-7
132,79,146,1,80,7,1,7,12,0,1,-6
133,81,147,1,95,9,2,7,14,2,1,-5
134,79,148,1,80,7,-2,7,12,0,-1,-6
135,76,149,1,80,4,-3,7,9,9,-1,-7
136,74,150,1,105,2,-2,7,7,7,-1,-8
137,76,151,1,80,4,2,7,9,9,1,-7
138,74,152,1,80,2,-2,7,7,7,-1,-8
139,74,153,1,95,2,0,7,7,7,0,-8
140,76,154,1,80,4,2,7,9,9,1,-7
141,78,155,1,80,6,2,7,11,11,1,-6
142,79,156,1,105,7,1,7,12,0,1,-5
143,78,157,1,80,6,-1,7,11,11,-1,-6
144,79,158,1,80,7,1,7,12,0,1,-5
145,81,159,1,95,9,2,7,14,2,1,-4
146,79,160,1,80,7,-2,7,12,0,-1,-5
147,78,161,1,80,6,-1,7,11,11,-1,-6
148,79,162,2,105,7,1,7,12,0,1,-5
149,74,164,1,80,2,-5,7,7,7,-1,-6
150,71,165,2,95,11,-3,7,4,4,-1,-7
151,74,167,1,80,2,3,7,7,7,1,-6
152,79,168,1,105,7,5,7,12,0,1,-5
153,78,169,1,80,6,-1,7,11,11,-1,-6
154,79,170,1,80,7,1,7,12,0,1,-5
155,81,171,1,95,9,2,7,14,2,1,-4
156,79,172,1,80,7,-2,7,12,0,-1,-5
157,76,173,1,80,4,-3,7,9,9,-1,-6
158,74,174,1,105,2,-2,7,7,7,-1,-7
159,76,175,1,80,4,2,7,9,9,1,-6
160,74,176,1,80,2,-2,7,7,7,-1,-7
161,74,177,1,95,2,0,7,7,7,0,-7
162,76,178,1,80,4,2,7,9,9,1,-6
163,78,179,1,80,6,2,7,11,11,1,-5
164,79,180,1,105,7,1,7,12,0,1,-4
165,78,181,1,80,6,-1,7,11,11,-1,-5
166,79,182,1,80,7,1,7,12,0,1,-4
167,81,183,1,95,9,2,7,14,2,1,-3
168,79,184,1,80,7,-2,7,12,0,-1,-4
169,78,185,1,80,6,-1,7,11,11,-1,-5
170,79,186,3,105,7,1,7,12,0,1,-4
171,79,189,3,95,7,0,7,12,0,0,-4
