,midi_note,onset,duration,velocity,pitch_class,interval,root,relative_pitch,relative_pitch_class,parsons_code,parsons_cumsum
0,74,0,1,105,2,0,2,12,0,0,0
1,71,1,1,80,11,-3,2,9,9,-1,-1
2,69,2,2,105,9,-2,2,7,7,-1,-2
3,66,4,1,80,6,-3,2,4,4,-1,-3
4,69,5,1,80,9,3,2,7,7,1,-2
5,62,6,1,80,2,-7,2,0,0,-1,-3
6,69,7,1,80,9,7,2,7,7,1,-2
7,66,8,1,80,6,-3,2,4,4,-1,-3
8,69,9,1,80,9,3,2,7,7,1,-2
9,74,10,1,105,2,5,2,12,0,1,-1
10,73,11,1,80,1,-1,2,11,11,-1,-2
11,74,12,1,80,2,1,2,12,0,1,-1
12,78,13,1,80,6,4,2,16,4,1,0
13,76,14,1,80,4,-2,2,14,2,-1,-1
14,74,15,1,80,2,-2,2,12,0,-1,-2
15,73,16,1,80,1,-1,2,11,11,-1,-3
16,74,17,1,80,2,1,2,12,0,1,-2
17,71,18,2,105,11,-3,2,9,9,-1,-3
18,67,20,1,80,7,-4,2,5,5,-1,-4
19,71,21,1,80,11,4,2,9,9,1,-3
20,64,22,1,80,4,-7,2,2,2,-1,-4
21,71,23,1,80,11,7,2,9,9,1,-3
22,67,24,1,80,7,-4,2,5,5,-1,-4
23,71,25,1,80,11,4,2,9,9,1,-3
24,64,26,1,105,4,-7,2,2,2,-1,-4
25,67,27,1,80,7,3,2,5,5,1,-3
26,79,28,1,80,7,12,2,17,5,1,-2
27,78,29,1,80,6,-1,2,16,4,-1,-3
28,76,30,1,80,4,-2,2,14,2,-1,-4
29,74,31,1,80,2,-2,2,12,0,-1,-5
30,73,32,1,80,1,-1,2,11,11,-1,-6
31,71,33,1,80,11,-2,2,9,9,-1,-7
32,69,34,2,105,9,-2,2,7,7,-1,-8
33,66,36,1,80,6,-3,2,4,4,-1,-9
34,69,37,1,80,9,3,2,7,7,1,-8
35,62,38,1,80,2,-7,2,0,0,-1,-9
36,69,39,1,80,9,7,2,7,7,1,-8
37,66,40,1,80,6,-3,2,4,4,-1,-9
38,69,41,1,80,9,3,2,7,7,1,-8
39,74,42,1,105,2,5,2,12,0,1,-7
40,73,43,1,80,1,-1,2,11,11,-1,-8
41,74,44,1,80,2,1,2,12,0,1,-7
42,78,45,1,80,6,4,2,16,4,1,-6
43,76,46,1,80,4,-2,2,14,2,-1,-7
44,74,47,1,80,2,-2,2,12,0,-1,-8
45,73,48,1,80,1,-1,2,11,11,-1,-9
46,74,49,1,80,2,1,2,12,0,1,-8
47,69,50,1,105,9,-5,2,7,7,-1,-9
48,74,51,1,80,2,5,2,12,0,1,-8
49,81,52,1,80,9,7,2,19,7,1,-7
50,79,53,1,80,7,-2,2,17,5,-1,-8
51,78,54,1,80,6,-1,2,16,4,-1,-9
52,81,55,1,80,9,3,2,19,7,1,-8
53,76,56,1,80,4,-5,2,14,2,-1,-9
54,73,57,1,80,1,-3,2,11,11,-1,-10
55,74,58,2,105,2,1,2,12,0,1,-9
56,78,60,2,80,6,4,2,16,4,1,-8
57,74,62,2,80,2,-4,2,12,0,-1,-9
58,74,64,1,80,2,0,2,12,0,0,-9
59,71,65,1,80,11,-3,2,9,9,-1,-10
60,69,66,2,105,9,-2,2,7,7,-1,-11
61,66,68,1,80,6,-3,2,4,4,-1,-12
62,69,69,1,80,9,3,2,7,7,1,-11
63,62,70,1,80,2,-7,2,0,0,-1,-12
64,69,71,1,80,9,7,2,7,7,1,-11
65,66,72,1,80,6,-3,2,4,4,-1,-12
66,69,73,1,80,9,3,2,7,7,1,-11
67,74,74,1,105,2,5,2,12,0,1,-10
68,73,75,1,80,1,-1,2,11,11,-1,-11
69,74,76,1,80,2,1,2,12,0,1,-10
70,78,77,1,80,6,4,2,16,4,1,-9
71,76,78,1,80,4,-2,2,14,2,-1,-10
72,74,79,1,80,2,-2,2,12,0,-1,-11
73,73,80,1,80,1,-1,2,11,11,-1,-12
74,74,81,1,80,2,1,2,12,0,1,-11
75,71,82,2,105,11,-3,2,9,9,-1,-12
76,67,84,1,80,7,-4,2,5,5,-1,-13
77,71,85,1,80,11,4,2,9,9,1,-12
78,64,86,1,80,4,-7,2,2,2,-1,-13
79,71,87,1,80,11,7,2,9,9,1,-12
80,67,88,1,80,7,-4,2,5,5,-1,-13
81,71,89,1,80,11,4,2,9,9,1,-12
82,64,90,1,105,4,-7,2,2,2,-1,-13
83,67,91,1,80,7,3,2,5,5,1,-12
84,79,92,1,80,7,12,2,17,5,1,-11
85,78,93,1,80,6,-1,2,16,4,-1,-12
86,76,94,1,80,4,-2,2,14,2,-1,-13
87,74,95,1,80,2,-2,2,12,0,-1,-14
88,73,96,1,80,1,-1,2,11,11,-1,-15
89,71,97,1,80,11,-2,2,9,9,-1,-16
90,69,98,2,105,9,-2,2,7,7,-1,-17
91,66,100,1,80,6,-3,2,4,4,-1,-18
92,69,101,1,80,9,3,2,7,7,1,-17
93,62,102,1,80,2,-7,2,0,0,-1,-18
94,69,103,1,80,9,7,2,7,7,1,-17
95,66,104,1,80,6,-3,2,4,4,-1,-18
96,69,105,1,80,9,3,2,7,7,1,-17
97,74,106,1,105,2,5,2,12,0,1,-16
98,73,107,1,80,1,-1,2,11,11,-1,-17
99,74,108,1,80,2,1,2,12,0,1,-16
100,78,109,1,80,6,4,2,16,4,1,-15
101,76,110,1,80,4,-2,2,14,2,-1,-16
102,74,111,1,80,2,-2,2,12,0,-1,-17
103,73,112,1,80,1,-1,2,11,11,-1,-18
104,74,113,1,80,2,1,2,12,0,1,-17
105,69,114,1,105,9,-5,2,7,7,-1,-18
106,74,115,1,80,2,5,2,12,0,1,-17
107,81,116,1,80,9,7,2,19,7,1,-16
108,79,117,1,80,7,-2,2,17,5,-1,-17
109,78,118,1,80,6,-1,2,16,4,-1,-18
110,81,119,1,80,9,3,2,19,7,1,-17
111,76,120,1,80,4,-5,2,14,2,-1,-18
112,73,121,1,80,1,-3,2,11,11,-1,-19
113,74,122,2,105,2,1,2,12,0,1,-18
114,78,124,2,80,6,4,2,16,4,1,-17
115,74,126,2,80,2,-4,2,12,0,-1,-18
116,78,128,1,80,6,4,2,16,4,1,-17
117,79,129,1,80,7,1,2,17,5,1,-16
118,81,130,1,105,9,2,2,19,7,1,-15
119,78,131,1,80,6,-3,2,16,4,-1,-16
120,74,132,1,80,2,-4,2,12,0,-1,-17
121,78,133,1,80,6,4,2,16,4,1,-16
122,81,134,1,80,9,3,2,19,7,1,-15
123,78,135,1,80,6,-3,2,16,4,-1,-16
124,74,136,1,80,2,-4,2,12,0,-1,-17
125,78,137,1,80,6,4,2,16,4,1,-16
126,81,138,0,105,9,3,2,19,7,1,-15
127,79,138,0,80,7,-2,2,17,5,-1,-16
128,78,139,0,80,6,-1,2,16,4,-1,-17
129,83,140,0,80,11,5,2,21,9,1,-16
130,81,140,0,80,9,-2,2,19,7,-1,-17
131,79,141,0,80,7,-2,2,17,5,-1,-18
132,81,142,1,80,9,2,2,19,7,1,-17
133,78,143,1,80,6,-3,2,16,4,-1,-18
134,74,144,1,80,2,-4,2,12,0,-1,-19
135,78,145,1,80,6,4,2,16,4,1,-18
136,79,146,1,105,7,1,2,17,5,1,-17
137,76,147,1,80,4,-3,2,14,2,-1,-18
138,73,148,1,80,1,-3,2,11,11,-1,-19
139,76,149,1,80,4,3,2,14,2,1,-18
140,79,150,1,80,7,3,2,17,5,1,-17
141,76,151,1,80,4,-3,2,14,2,-1,-18
142,73,152,1,80,1,-3,2,11,11,-1,-19
143,76,153,1,80,4,3,2,14,2,1,-18
144,79,154,1,105,7,3,2,17,5,1,-17
145,78,155,1,80,6,-1,2,16,4,-1,-18
146,79,156,1,80,7,1,2,17,5,1,-17
147,83,157,1,80,11,4,2,21,9,1,-16
148,81,158,1,80,9,-2,2,19,7,-1,-17
149,79,159,1,80,7,-2,2,17,5,-1,-18
150,78,160,1,80,6,-1,2,16,4,-1,-19
151,76,161,1,80,4,-2,2,14,2,-1,-20
152,74,162,1,105,2,-2,2,12,0,-1,-21
153,76,163,1,80,4,2,2,14,2,1,-20
154,78,164,1,80,6,2,2,16,4,1,-19
155,79,165,1,80,7,1,2,17,5,1,-18
156,81,166,1,80,9,2,2,19,7,1,-17
157,79,167,1,80,7,-2,2,17,5,-1,-18
158,83,168,1,80,11,4,2,21,9,1,-17
159,81,169,1,80,9,-2,2,19,7,-1,-18
160,79,170,1,105,7,-2,2,17,5,-1,-19
161,78,171,1,80,6,-1,2,16,4,-1,-20
162,76,172,1,80,4,-2,2,14,2,-1,-21
163,74,173,1,80,2,-2,2,12,0,-1,-22
164,73,174,1,80,1,-1,2,11,11,-1,-23
165,74,175,1,80,2,1,2,12,0,1,-22
166,71,176,1,80,11,-3,2,9,9,-1,-23
167,74,177,1,80,2,3,2,12,0,1,-22
168,69,178,1,105,9,-5,2,7,7,-1,-23
169,83,179,1,80,11,14,2,21,9,1,-22
170,81,180,1,80,9,-2,2,19,7,-1,-23
171,79,181,1,80,7,-2,2,17,5,-1,-24
172,78,182,1,80,6,-1,2,16,4,-1,-25
173,79,183,1,80,7,1,2,17,5,1,-24
174,76,184,1,80,4,-3,2,14,2,-1,-25
175,73,185,1,80,1,-3,2,11,11,-1,-26
176,74,186,2,105,2,1,2,12,0,1,-25
177,78,188,2,80,6,4,2,16,4,1,-24
178,74,190,2,80,2,-4,2,12,0,-1,-25
179,78,192,1,80,6,4,2,16,4,1,-24
180,79,193,1,80,7,1,2,17,5,1,-23
181,81,194,1,105,9,2,2,19,7,1,-22
182,78,195,1,80,6,-3,2,16,4,-1,-23
183,74,196,1,80,2,-4,2,12,0,-1,-24
184,78,197,1,80,6,4,2,16,4,1,-23
185,81,198,1,80,9,3,2,19,7,1,-22
186,78,199,1,80,6,-3,2,16,4,-1,-23
187,74,200,1,80,2,-4,2,12,0,-1,-24
188,78,201,1,80,6,4,2,16,4,1,-23
189,81,202,0,105,9,3,2,19,7,1,-22
190,79,202,0,80,7,-2,2,17,5,-1,-23
191,78,203,0,80,6,-1,2,16,4,-1,-24
192,83,204,0,80,11,5,2,21,9,1,-23
193,81,204,0,80,9,-2,2,19,7,-1,-24
194,79,205,0,80,7,-2,2,17,5,-1,-25
195,81,206,1,80,9,2,2,19,7,1,-24
196,78,207,1,80,6,-3,2,16,4,-1,-25
197,74,208,1,80,2,-4,2,12,0,-1,-26
198,78,209,1,80,6,4,2,16,4,1,-25
199,79,210,1,105,7,1,2,17,5,1,-24
200,76,211,1,80,4,-3,2,14,2,-1,-25
201,73,212,1,80,1,-3,2,11,11,-1,-26
202,76,213,1,80,4,3,2,14,2,1,-25
203,79,214,1,80,7,3,2,17,5,1,-24
204,76,215,1,80,4,-3,2,14,2,-1,-25
205,73,216,1,80,1,-3,2,11,11,-1,-26
206,76,217,1,80,4,3,2,14,2,1,-25
207,79,218,1,105,7,3,2,17,5,1,-24
208,78,219,1,80,6,-1,2,16,4,-1,-25
209,79,220,1,80,7,1,2,17,5,1,-24
210,83,221,1,80,11,4,2,21,9,1,-23
211,81,222,1,80,9,-2,2,19,7,-1,-24
212,79,223,1,80,7,-2,2,17,5,-1,-25
213,78,224,1,80,6,-1,2,16,4,-1,-26
214,76,225,1,80,4,-2,2,14,2,-1,-27
215,74,226,1,105,2,-2,2,12,0,-1,-28
216,76,227,1,80,4,2,2,14,2,1,-27
217,78,228,1,80,6,2,2,16,4,1,-26
218,79,229,1,80,7,1,2,17,5,1,-25
219,81,230,1,80,9,2,2,19,7,1,-24
220,79,231,1,80,7,-2,2,17,5,-1,-25
221,83,232,1,80,11,4,2,21,9,1,-24
222,81,233,1,80,9,-2,2,19,7,-1,-25
223,79,234,1,105,7,-2,2,17,5,-1,-26
224,78,235,1,80,6,-1,2,16,4,-1,-27
225,76,236,1,80,4,-2,2,14,2,-1,-28
226,74,237,1,80,2,-2,2,12,0,-1,-29
227,73,238,1,80,1,-1,2,11,11,-1,-30
228,74,239,1,80,2,1,2,12,0,1,-29
229,71,240,1,80,11,-3,2,9,9,-1,-30
230,74,241,1,80,2,3,2,12,0,1,-29
231,69,242,1,105,9,-5,2,7,7,-1,-30
232,83,243,1,80,11,14,2,21,9,1,-29
233,81,244,1,80,9,-2,2,19,7,-1,-30
234,79,245,1,80,7,-2,2,17,5,-1,-31
235,78,246,1,80,6,-1,2,16,4,-1,-32
236,79,247,1,80,7,1,2,17,5,1,-31
237,76,248,1,80,4,-3,2,14,2,-1,-32
238,73,249,1,80,1,-3,2,11,11,-1,-33
239,74,250,2,105,2,1,2,12,0,1,-32
240,78,252,2,80,6,4,2,16,4,1,-31
241,74,254,2,80,2,-4,2,12,0,-1,-32
