,midi_note,onset,duration,velocity,pitch_class,interval,root,relative_pitch,relative_pitch_class,parsons_code,parsons_cumsum
0,74,1,2,105,2,0,2,12,0,0,0
1,69,3,1,80,9,-5,2,7,7,-1,-1
2,67,4,1,80,7,-2,2,5,5,-1,-2
3,66,5,1,95,6,-1,2,4,4,-1,-3
4,62,6,1,80,2,-4,2,0,0,-1,-4
5,62,7,2,80,2,0,2,0,0,0,-4
6,64,9,1,105,4,2,2,2,2,1,-3
7,66,10,1,80,6,2,2,4,4,1,-2
8,67,11,1,80,7,1,2,5,5,1,-1
9,66,12,1,80,6,-1,2,4,4,-1,-2
10,64,13,1,95,4,-2,2,2,2,-1,-3
11,71,14,1,80,11,7,2,9,9,1,-2
12,71,15,1,80,11,0,2,9,9,0,-2
13,73,16,1,80,1,2,2,11,11,1,-1
14,74,17,2,105,2,1,2,12,0,1,0
15,69,19,1,80,9,-5,2,7,7,-1,-1
16,67,20,1,80,7,-2,2,5,5,-1,-2
17,66,21,1,95,6,-1,2,4,4,-1,-3
18,69,22,1,80,9,3,2,7,7,1,-2
19,74,23,2,80,2,5,2,12,0,1,-1
20,76,25,1,105,4,2,2,14,2,1,0
21,78,26,1,80,6,2,2,16,4,1,1
22,78,27,1,80,6,0,2,16,4,0,1
23,76,28,1,80,4,-2,2,14,2,-1,0
24,74,29,1,95,2,-2,2,12,0,-1,-1
25,76,30,1,80,4,2,2,14,2,1,0
26,78,31,1,80,6,2,2,16,4,1,1
27,76,32,1,80,4,-2,2,14,2,-1,0
28,74,33,2,105,2,-2,2,12,0,-1,-1
29,69,35,1,80,9,-5,2,7,7,-1,-2
30,66,36,1,80,6,-3,2,4,4,-1,-3
31,66,37,1,95,6,0,2,4,4,0,-3
32,62,38,1,80,2,-4,2,0,0,-1,-4
33,62,39,0,80,2,0,2,0,0,0,-4
34,64,39,0,80,4,2,2,2,2,1,-3
35,62,40,1,80,2,-2,2,0,0,-1,-4
36,64,41,1,105,4,2,2,2,2,1,-3
37,66,42,1,80,6,2,2,4,4,1,-2
38,67,43,1,80,7,1,2,5,5,1,-1
39,66,44,1,80,6,-1,2,4,4,-1,-2
40,64,45,1,95,4,-2,2,2,2,-1,-3
41,71,46,1,80,11,7,2,9,9,1,-2
42,71,47,1,80,11,0,2,9,9,0,-2
43,73,48,1,80,1,2,2,11,11,1,-1
44,74,49,2,105,2,1,2,12,0,1,0
45,69,51,1,80,9,-5,2,7,7,-1,-1
46,67,52,1,80,7,-2,2,5,5,-1,-2
47,66,53,1,95,6,-1,2,4,4,-1,-3
48,69,54,1,80,9,3,2,7,7,1,-2
49,74,55,2,80,2,5,2,12,0,1,-1
50,76,57,1,105,4,2,2,14,2,1,0
51,78,58,1,80,6,2,2,16,4,1,1
52,78,59,1,80,6,0,2,16,4,0,1
53,76,60,1,80,4,-2,2,14,2,-1,0
54,74,61,3,95,2,-2,2,12,0,-1,-1
55,74,65,2,105,2,0,2,12,0,0,-1
56,69,67,1,80,9,-5,2,7,7,-1,-2
57,67,68,1,80,7,-2,2,5,5,-1,-3
58,66,69,1,95,6,-1,2,4,4,-1,-4
59,62,70,1,80,2,-4,2,0,0,-1,-5
60,62,71,2,80,2,0,2,0,0,0,-5
61,64,73,1,105,4,2,2,2,2,1,-4
62,66,74,1,80,6,2,2,4,4,1,-3
63,67,75,1,80,7,1,2,5,5,1,-2
64,66,76,1,80,6,-1,2,4,4,-1,-3
65,64,77,1,95,4,-2,2,2,2,-1,-4
66,71,78,1,80,11,7,2,9,9,1,-3
67,71,79,1,80,11,0,2,9,9,0,-3
68,73,80,1,80,1,2,2,11,11,1,-2
69,74,81,2,105,2,1,2,12,0,1,-1
70,69,83,1,80,9,-5,2,7,7,-1,-2
71,67,84,1,80,7,-2,2,5,5,-1,-3
72,66,85,1,95,6,-1,2,4,4,-1,-4
73,69,86,1,80,9,3,2,7,7,1,-3
74,74,87,2,80,2,5,2,12,0,1,-2
75,76,89,1,105,4,2,2,14,2,1,-1
76,78,90,1,80,6,2,2,16,4,1,0
77,78,91,1,80,6,0,2,16,4,0,0
78,76,92,1,80,4,-2,2,14,2,-1,-1
79,74,93,1,95,2,-2,2,12,0,-1,-2
80,76,94,1,80,4,2,2,14,2,1,-1
81,78,95,1,80,6,2,2,16,4,1,0
82,76,96,1,80,4,-2,2,14,2,-1,-1
83,74,97,2,105,2,-2,2,12,0,-1,-2
84,69,99,1,80,9,-5,2,7,7,-1,-3
85,66,100,1,80,6,-3,2,4,4,-1,-4
86,66,101,1,95,6,0,2,4,4,0,-4
87,62,102,1,80,2,-4,2,0,0,-1,-5
88,62,103,0,80,2,0,2,0,0,0,-5
89,64,103,0,80,4,2,2,2,2,1,-4
90,62,104,1,80,2,-2,2,0,0,-1,-5
91,64,105,1,105,4,2,2,2,2,1,-4
92,66,106,1,80,6,2,2,4,4,1,-3
93,67,107,1,80,7,1,2,5,5,1,-2
94,66,108,1,80,6,-1,2,4,4,-1,-3
95,64,109,1,95,4,-2,2,2,2,-1,-4
96,71,110,1,80,11,7,2,9,9,1,-3
97,71,111,1,80,11,0,2,9,9,0,-3
98,73,112,1,80,1,2,2,11,11,1,-2
99,74,113,2,105,2,1,2,12,0,1,-1
100,69,115,1,80,9,-5,2,7,7,-1,-2
101,67,116,1,80,7,-2,2,5,5,-1,-3
102,66,117,1,95,6,-1,2,4,4,-1,-4
103,69,118,1,80,9,3,2,7,7,1,-3
104,74,119,2,80,2,5,2,12,0,1,-2
105,76,121,1,105,4,2,2,14,2,1,-1
106,78,122,1,80,6,2,2,16,4,1,0
107,78,123,1,80,6,0,2,16,4,0,0
108,76,124,1,80,4,-2,2,14,2,-1,-1
109,74,125,3,95,2,-2,2,12,0,-1,-2
110,76,128,1,80,4,2,2,14,2,1,-1
111,78,129,1,105,6,2,2,16,4,1,0
112,74,130,1,80,2,-4,2,12,0,-1,-1
113,81,131,1,80,9,7,2,19,7,1,0
114,74,132,1,80,2,-7,2,12,0,-1,-1
115,78,133,1,95,6,4,2,16,4,1,0
116,74,134,1,80,2,-4,2,12,0,-1,-1
117,81,135,1,80,9,7,2,19,7,1,0
118,74,136,1,80,2,-7,2,12,0,-1,-1
119,76,137,1,105,4,2,2,14,2,1,0
120,72,138,1,80,0,-4,2,10,10,-1,-1
121,79,139,1,80,7,7,2,17,5,1,0
122,72,140,1,80,0,-7,2,10,10,-1,-1
123,76,141,1,95,4,4,2,14,2,1,0
124,72,142,1,80,0,-4,2,10,10,-1,-1
125,72,143,1,80,0,0,2,10,10,0,-1
126,76,144,1,80,4,4,2,14,2,1,0
127,78,145,1,105,6,2,2,16,4,1,1
128,74,146,1,80,2,-4,2,12,0,-1,0
129,81,147,1,80,9,7,2,19,7,1,1
130,74,148,1,80,2,-7,2,12,0,-1,0
131,78,149,1,95,6,4,2,16,4,1,1
132,74,150,1,80,2,-4,2,12,0,-1,0
133,81,151,1,80,9,7,2,19,7,1,1
134,74,152,1,80,2,-7,2,12,0,-1,0
135,76,153,1,105,4,2,2,14,2,1,1
136,74,154,1,80,2,-2,2,12,0,-1,0
137,73,155,1,80,1,-1,2,11,11,-1,-1
138,76,156,1,80,4,3,2,14,2,1,0
139,74,157,3,95,2,-2,2,12,0,-1,-1
140,76,160,1,80,4,2,2,14,2,1,0
141,78,161,1,105,6,2,2,16,4,1,1
142,74,162,1,80,2,-4,2,12,0,-1,0
143,81,163,1,80,9,7,2,19,7,1,1
144,74,164,1,80,2,-7,2,12,0,-1,0
145,78,165,1,95,6,4,2,16,4,1,1
146,74,166,1,80,2,-4,2,12,0,-1,0
147,74,167,0,80,2,0,2,12,0,0,0
148,73,167,0,80,1,-1,2,11,11,-1,-1
149,74,168,1,80,2,1,2,12,0,1,0
150,76,169,1,105,4,2,2,14,2,1,1
151,72,170,1,80,0,-4,2,10,10,-1,0
152,79,171,1,80,7,7,2,17,5,1,1
153,72,172,1,80,0,-7,2,10,10,-1,0
154,76,173,1,95,4,4,2,14,2,1,1
155,72,174,1,80,0,-4,2,10,10,-1,0
156,79,175,1,80,7,7,2,17,5,1,1
157,76,176,1,80,4,-3,2,14,2,-1,0
158,74,177,1,105,2,-2,2,12,0,-1,-1
159,76,178,1,80,4,2,2,14,2,1,0
160,78,179,1,80,6,2,2,16,4,1,1
161,79,180,1,80,7,1,2,17,5,1,2
162,81,181,1,95,9,2,2,19,7,1,3
163,83,182,1,80,11,2,2,21,9,1,4
164,81,183,1,80,9,-2,2,19,7,-1,3
165,79,184,1,80,7,-2,2,17,5,-1,2
166,78,185,1,105,6,-1,2,16,4,-1,1
167,79,186,1,80,7,1,2,17,5,1,2
168,76,187,1,80,4,-3,2,14,2,-1,1
169,78,188,1,80,6,2,2,16,4,1,2
170,74,189,1,95,2,-4,2,12,0,-1,1
171,76,190,1,80,4,2,2,14,2,1,2
172,78,191,1,80,6,2,2,16,4,1,3
173,76,192,1,80,4,-2,2,14,2,-1,2
174,78,193,1,105,6,2,2,16,4,1,3
175,74,194,1,80,2,-4,2,12,0,-1,2
176,81,195,1,80,9,7,2,19,7,1,3
177,74,196,1,80,2,-7,2,12,0,-1,2
178,78,197,1,95,6,4,2,16,4,1,3
179,74,198,1,80,2,-4,2,12,0,-1,2
180,81,199,1,80,9,7,2,19,7,1,3
181,74,200,1,80,2,-7,2,12,0,-1,2
182,76,201,1,105,4,2,2,14,2,1,3
183,72,202,1,80,0,-4,2,10,10,-1,2
184,79,203,1,80,7,7,2,17,5,1,3
185,72,204,1,80,0,-7,2,10,10,-1,2
186,76,205,1,95,4,4,2,14,2,1,3
187,72,206,1,80,0,-4,2,10,10,-1,2
188,72,207,1,80,0,0,2,10,10,0,2
189,76,208,1,80,4,4,2,14,2,1,3
190,78,209,1,105,6,2,2,16,4,1,4
191,74,210,1,80,2,-4,2,12,0,-1,3
192,81,211,1,80,9,7,2,19,7,1,4
193,74,212,1,80,2,-7,2,12,0,-1,3
194,78,213,1,95,6,4,2,16,4,1,4
195,74,214,1,80,2,-4,2,12,0,-1,3
196,81,215,1,80,9,7,2,19,7,1,4
197,74,216,1,80,2,-7,2,12,0,-1,3
198,76,217,1,105,4,2,2,14,2,1,4
199,74,218,1,80,2,-2,2,12,0,-1,3
200,73,219,1,80,1,-1,2,11,11,-1,2
201,76,220,1,80,4,3,2,14,2,1,3
202,74,221,3,95,2,-2,2,12,0,-1,2
203,76,224,1,80,4,2,2,14,2,1,3
204,78,225,1,105,6,2,2,16,4,1,4
205,74,226,1,80,2,-4,2,12,0,-1,3
206,81,227,1,80,9,7,2,19,7,1,4
207,74,228,1,80,2,-7,2,12,0,-1,3
208,78,229,1,95,6,4,2,16,4,1,4
209,74,230,1,80,2,-4,2,12,0,-1,3
210,74,231,0,80,2,0,2,12,0,0,3
211,73,231,0,80,1,-1,2,11,11,-1,2
212,74,232,1,80,2,1,2,12,0,1,3
213,76,233,1,105,4,2,2,14,2,1,4
214,72,234,1,80,0,-4,2,10,10,-1,3
215,79,235,1,80,7,7,2,17,5,1,4
216,72,236,1,80,0,-7,2,10,10,-1,3
217,76,237,1,95,4,4,2,14,2,1,4
218,72,238,1,80,0,-4,2,10,10,-1,3
219,79,239,1,80,7,7,2,17,5,1,4
220,76,240,1,80,4,-3,2,14,2,-1,3
221,74,241,1,105,2,-2,2,12,0,-1,2
222,76,242,1,80,4,2,2,14,2,1,3
223,78,243,1,80,6,2,2,16,4,1,4
224,79,244,1,80,7,1,2,17,5,1,5
225,81,245,1,95,9,2,2,19,7,1,6
226,83,246,1,80,11,2,2,21,9,1,7
227,81,247,1,80,9,-2,2,19,7,-1,6
228,79,248,1,80,7,-2,2,17,5,-1,5
229,78,249,1,105,6,-1,2,16,4,-1,4
230,76,250,1,80,4,-2,2,14,2,-1,3
231,76,251,1,80,4,0,2,14,2,0,3
232,79,252,1,80,7,3,2,17,5,1,4
233,81,253,1,95,9,2,2,19,7,1,5
234,79,254,1,80,7,-2,2,17,5,-1,4
235,76,255,1,80,4,-3,2,14,2,-1,3
236,73,256,1,80,1,-3,2,11,11,-1,2
237,74,257,8,105,2,1,2,12,0,1,3
