,midi_note,onset,duration,velocity,pitch_class,interval,root,relative_pitch,relative_pitch_class,parsons_code,parsons_cumsum
0,74,0,1,105,2,0,2,12,0,0,0
1,71,1,1,80,11,-3,2,9,9,-1,-1
2,69,2,3,105,9,-2,2,7,7,-1,-2
3,71,5,1,80,11,2,2,9,9,1,-1
4,69,6,1,95,9,-2,2,7,7,-1,-2
5,66,7,1,80,6,-3,2,4,4,-1,-3
6,66,8,1,80,6,0,2,4,4,0,-3
7,69,9,1,80,9,3,2,7,7,1,-2
8,74,10,2,105,2,5,2,12,0,1,-1
9,73,12,1,80,1,-1,2,11,11,-1,-2
10,69,13,1,80,9,-4,2,7,7,-1,-3
11,71,14,1,95,11,2,2,9,9,1,-2
12,67,15,1,80,7,-4,2,5,5,-1,-3
13,67,16,1,80,7,0,2,5,5,0,-3
14,71,17,1,80,11,4,2,9,9,1,-2
15,69,18,2,105,9,-2,2,7,7,-1,-3
16,66,20,1,80,6,-3,2,4,4,-1,-4
17,69,21,1,80,9,3,2,7,7,1,-3
18,74,22,1,95,2,5,2,12,0,1,-2
19,73,23,1,80,1,-1,2,11,11,-1,-3
20,74,24,1,80,2,1,2,12,0,1,-2
21,78,25,1,80,6,4,2,16,4,1,-1
22,76,26,1,105,4,-2,2,14,2,-1,-2
23,71,27,1,80,11,-5,2,9,9,-1,-3
24,71,28,1,80,11,0,2,9,9,0,-3
25,69,29,1,80,9,-2,2,7,7,-1,-4
26,71,30,1,95,11,2,2,9,9,1,-3
27,73,31,1,80,1,2,2,11,11,1,-2
28,74,32,0,80,2,1,2,12,0,1,-1
29,73,32,0,80,1,-1,2,11,11,-1,-2
30,71,33,0,80,11,-2,2,9,9,-1,-3
31,69,34,1,105,9,-2,2,7,7,-1,-4
32,66,35,1,80,6,-3,2,4,4,-1,-5
33,74,36,1,80,2,8,2,12,0,1,-4
34,66,37,1,80,6,-8,2,4,4,-1,-5
35,69,38,1,95,9,3,2,7,7,1,-4
36,66,39,1,80,6,-3,2,4,4,-1,-5
37,66,40,1,80,6,0,2,4,4,0,-5
38,69,41,1,80,9,3,2,7,7,1,-4
39,74,42,2,105,2,5,2,12,0,1,-3
40,73,44,1,80,1,-1,2,11,11,-1,-4
41,69,45,1,80,9,-4,2,7,7,-1,-5
42,71,46,1,95,11,2,2,9,9,1,-4
43,67,47,1,80,7,-4,2,5,5,-1,-5
44,67,48,1,80,7,0,2,5,5,0,-5
45,71,49,1,80,11,4,2,9,9,1,-4
46,69,50,2,105,9,-2,2,7,7,-1,-5
47,66,52,1,80,6,-3,2,4,4,-1,-6
48,69,53,1,80,9,3,2,7,7,1,-5
49,74,54,1,95,2,5,2,12,0,1,-4
50,73,55,1,80,1,-1,2,11,11,-1,-5
51,74,56,1,80,2,1,2,12,0,1,-4
52,78,57,1,80,6,4,2,16,4,1,-3
53,76,58,1,105,4,-2,2,14,2,-1,-4
54,74,59,1,80,2,-2,2,12,0,-1,-5
55,73,60,1,80,1,-1,2,11,11,-1,-6
56,71,61,1,80,11,-2,2,9,9,-1,-7
57,69,62,2,95,9,-2,2,7,7,-1,-8
58,74,64,1,80,2,5,2,12,0,1,-7
59,71,65,1,80,11,-3,2,9,9,-1,-8
60,69,66,3,105,9,-2,2,7,7,-1,-9
61,71,69,1,80,11,2,2,9,9,1,-8
62,69,70,1,95,9,-2,2,7,7,-1,-9
63,66,71,1,80,6,-3,2,4,4,-1,-10
64,66,72,1,80,6,0,2,4,4,0,-10
65,69,73,1,80,9,3,2,7,7,1,-9
66,74,74,2,105,2,5,2,12,0,1,-8
67,73,76,1,80,1,-1,2,11,11,-1,-9
68,69,77,1,80,9,-4,2,7,7,-1,-10
69,71,78,1,95,11,2,2,9,9,1,-9
70,67,79,1,80,7,-4,2,5,5,-1,-10
71,67,80,1,80,7,0,2,5,5,0,-10
72,71,81,1,80,11,4,2,9,9,1,-9
73,69,82,2,105,9,-2,2,7,7,-1,-10
74,66,84,1,80,6,-3,2,4,4,-1,-11
75,69,85,1,80,9,3,2,7,7,1,-10
76,74,86,1,95,2,5,2,12,0,1,-9
77,73,87,1,80,1,-1,2,11,11,-1,-10
78,74,88,1,80,2,1,2,12,0,1,-9
79,78,89,1,80,6,4,2,16,4,1,-8
80,76,90,1,105,4,-2,2,14,2,-1,-9
81,71,91,1,80,11,-5,2,9,9,-1,-10
82,71,92,1,80,11,0,2,9,9,0,-10
83,69,93,1,80,9,-2,2,7,7,-1,-11
84,71,94,1,95,11,2,2,9,9,1,-10
85,73,95,1,80,1,2,2,11,11,1,-9
86,74,96,0,80,2,1,2,12,0,1,-8
87,73,96,0,80,1,-1,2,11,11,-1,-9
88,71,97,0,80,11,-2,2,9,9,-1,-10
89,69,98,1,105,9,-2,2,7,7,-1,-11
90,66,99,1,80,6,-3,2,4,4,-1,-12
91,74,100,1,80,2,8,2,12,0,1,-11
92,66,101,1,80,6,-8,2,4,4,-1,-12
93,69,102,1,95,9,3,2,7,7,1,-11
94,66,103,1,80,6,-3,2,4,4,-1,-12
95,66,104,1,80,6,0,2,4,4,0,-12
96,69,105,1,80,9,3,2,7,7,1,-11
97,74,106,2,105,2,5,2,12,0,1,-10
98,73,108,1,80,1,-1,2,11,11,-1,-11
99,69,109,1,80,9,-4,2,7,7,-1,-12
100,71,110,1,95,11,2,2,9,9,1,-11
101,67,111,1,80,7,-4,2,5,5,-1,-12
102,67,112,1,80,7,0,2,5,5,0,-12
103,71,113,1,80,11,4,2,9,9,1,-11
104,69,114,2,105,9,-2,2,7,7,-1,-12
105,66,116,1,80,6,-3,2,4,4,-1,-13
106,69,117,1,80,9,3,2,7,7,1,-12
107,74,118,1,95,2,5,2,12,0,1,-11
108,73,119,1,80,1,-1,2,11,11,-1,-12
109,74,120,1,80,2,1,2,12,0,1,-11
110,78,121,1,80,6,4,2,16,4,1,-10
111,76,122,1,105,4,-2,2,14,2,-1,-11
112,74,123,1,80,2,-2,2,12,0,-1,-12
113,73,124,1,80,1,-1,2,11,11,-1,-13
114,71,125,1,80,11,-2,2,9,9,-1,-14
115,69,126,2,95,9,-2,2,7,7,-1,-15
116,74,128,1,80,2,5,2,12,0,1,-14
117,76,129,1,80,4,2,2,14,2,1,-13
118,78,130,2,105,6,2,2,16,4,1,-12
119,74,132,1,80,2,-4,2,12,0,-1,-13
120,78,133,1,80,6,4,2,16,4,1,-12
121,79,134,2,95,7,1,2,17,5,1,-11
122,81,136,1,80,9,2,2,19,7,1,-10
123,79,137,1,80,7,-2,2,17,5,-1,-11
124,78,138,2,105,6,-1,2,16,4,-1,-12
125,74,140,1,80,2,-4,2,12,0,-1,-13
126,78,141,1,80,6,4,2,16,4,1,-12
127,76,142,1,95,4,-2,2,14,2,-1,-13
128,73,143,1,80,1,-3,2,11,11,-1,-14
129,69,144,1,80,9,-4,2,7,7,-1,-15
130,73,145,1,80,1,4,2,11,11,1,-14
131,78,146,2,105,6,5,2,16,4,1,-13
132,74,148,1,80,2,-4,2,12,0,-1,-14
133,78,149,1,80,6,4,2,16,4,1,-13
134,79,150,2,95,7,1,2,17,5,1,-12
135,81,152,1,80,9,2,2,19,7,1,-11
136,79,153,1,80,7,-2,2,17,5,-1,-12
137,78,154,1,105,6,-1,2,16,4,-1,-13
138,74,155,1,80,2,-4,2,12,0,-1,-14
139,81,156,1,80,9,7,2,19,7,1,-13
140,78,157,1,80,6,-3,2,16,4,-1,-14
141,76,158,2,95,4,-2,2,14,2,-1,-15
142,74,160,1,80,2,-2,2,12,0,-1,-16
143,76,161,1,80,4,2,2,14,2,1,-15
144,78,162,2,105,6,2,2,16,4,1,-14
145,74,164,1,80,2,-4,2,12,0,-1,-15
146,78,165,1,80,6,4,2,16,4,1,-14
147,79,166,2,95,7,1,2,17,5,1,-13
148,81,168,1,80,9,2,2,19,7,1,-12
149,79,169,1,80,7,-2,2,17,5,-1,-13
150,78,170,2,105,6,-1,2,16,4,-1,-14
151,74,172,1,80,2,-4,2,12,0,-1,-15
152,78,173,1,80,6,4,2,16,4,1,-14
153,76,174,1,95,4,-2,2,14,2,-1,-15
154,74,175,1,80,2,-2,2,12,0,-1,-16
155,73,176,1,80,1,-1,2,11,11,-1,-17
156,71,177,1,80,11,-2,2,9,9,-1,-18
157,69,178,2,105,9,-2,2,7,7,-1,-19
158,66,180,1,80,6,-3,2,4,4,-1,-20
159,69,181,1,80,9,3,2,7,7,1,-19
160,74,182,1,95,2,5,2,12,0,1,-18
161,73,183,1,80,1,-1,2,11,11,-1,-19
162,74,184,1,80,2,1,2,12,0,1,-18
163,78,185,1,80,6,4,2,16,4,1,-17
164,76,186,1,105,4,-2,2,14,2,-1,-18
165,71,187,1,80,11,-5,2,9,9,-1,-19
166,71,188,1,80,11,0,2,9,9,0,-19
167,69,189,1,80,9,-2,2,7,7,-1,-20
168,71,190,1,95,11,2,2,9,9,1,-19
169,73,191,1,80,1,2,2,11,11,1,-18
170,74,192,1,80,2,1,2,12,0,1,-17
171,76,193,1,80,4,2,2,14,2,1,-16
172,78,194,2,105,6,2,2,16,4,1,-15
173,74,196,1,80,2,-4,2,12,0,-1,-16
174,78,197,1,80,6,4,2,16,4,1,-15
175,79,198,2,95,7,1,2,17,5,1,-14
176,81,200,1,80,9,2,2,19,7,1,-13
177,79,201,1,80,7,-2,2,17,5,-1,-14
178,78,202,2,105,6,-1,2,16,4,-1,-15
179,74,204,1,80,2,-4,2,12,0,-1,-16
180,78,205,1,80,6,4,2,16,4,1,-15
181,76,206,1,95,4,-2,2,14,2,-1,-16
182,73,207,1,80,1,-3,2,11,11,-1,-17
183,69,208,1,80,9,-4,2,7,7,-1,-18
184,73,209,1,80,1,4,2,11,11,1,-17
185,78,210,2,105,6,5,2,16,4,1,-16
186,74,212,1,80,2,-4,2,12,0,-1,-17
187,78,213,1,80,6,4,2,16,4,1,-16
188,79,214,2,95,7,1,2,17,5,1,-15
189,81,216,1,80,9,2,2,19,7,1,-14
190,79,217,1,80,7,-2,2,17,5,-1,-15
191,78,218,1,105,6,-1,2,16,4,-1,-16
192,74,219,1,80,2,-4,2,12,0,-1,-17
193,81,220,1,80,9,7,2,19,7,1,-16
194,78,221,1,80,6,-3,2,16,4,-1,-17
195,76,222,2,95,4,-2,2,14,2,-1,-18
196,74,224,1,80,2,-2,2,12,0,-1,-19
197,76,225,1,80,4,2,2,14,2,1,-18
198,78,226,2,105,6,2,2,16,4,1,-17
199,74,228,1,80,2,-4,2,12,0,-1,-18
200,78,229,1,80,6,4,2,16,4,1,-17
201,79,230,2,95,7,1,2,17,5,1,-16
202,81,232,1,80,9,2,2,19,7,1,-15
203,79,233,1,80,7,-2,2,17,5,-1,-16
204,78,234,2,105,6,-1,2,16,4,-1,-17
205,74,236,1,80,2,-4,2,12,0,-1,-18
206,78,237,1,80,6,4,2,16,4,1,-17
207,76,238,1,95,4,-2,2,14,2,-1,-18
208,74,239,1,80,2,-2,2,12,0,-1,-19
209,73,240,1,80,1,-1,2,11,11,-1,-20
210,71,241,1,80,11,-2,2,9,9,-1,-21
211,69,242,2,105,9,-2,2,7,7,-1,-22
212,66,244,1,80,6,-3,2,4,4,-1,-23
213,69,245,1,80,9,3,2,7,7,1,-22
214,74,246,1,95,2,5,2,12,0,1,-21
215,73,247,1,80,1,-1,2,11,11,-1,-22
216,74,248,1,80,2,1,2,12,0,1,-21
217,78,249,1,80,6,4,2,16,4,1,-20
218,76,250,1,105,4,-2,2,14,2,-1,-21
219,71,251,1,80,11,-5,2,9,9,-1,-22
220,71,252,1,80,11,0,2,9,9,0,-22
221,69,253,1,80,9,-2,2,7,7,-1,-23
222,73,254,1,95,1,4,2,11,11,1,-22
223,69,255,1,80,9,-4,2,7,7,-1,-23
224,67,256,1,80,7,-2,2,5,5,-1,-24
225,64,257,1,80,4,-3,2,2,2,-1,-25
226,62,258,8,105,2,-2,2,0,0,-1,-26
