,midi_note,onset,duration,velocity,pitch_class,interval,root,relative_pitch,relative_pitch_class,parsons_code,parsons_cumsum
0,62,0,0,105,2,0,7,-5,7,0,0
1,64,0,0,80,4,2,7,-3,9,1,1
2,66,1,0,80,6,2,7,-1,11,1,2
3,67,2,2,105,7,1,7,0,0,1,3
4,71,4,1,80,11,4,7,4,4,1,4
5,67,5,1,80,7,-4,7,0,0,-1,3
6,62,6,1,95,2,-5,7,-5,7,-1,2
7,67,7,1,80,7,5,7,0,0,1,3
8,71,8,1,80,11,4,7,4,4,1,4
9,67,9,1,80,7,-4,7,0,0,-1,3
10,67,10,2,105,7,0,7,0,0,0,3
11,71,12,1,80,11,4,7,4,4,1,4
12,74,13,1,80,2,3,7,7,7,1,5
13,79,14,1,95,7,5,7,12,0,1,6
14,74,15,1,80,2,-5,7,7,7,-1,5
15,71,16,1,80,11,-3,7,4,4,-1,4
16,69,17,1,80,9,-2,7,2,2,-1,3
17,71,18,1,105,11,2,7,4,4,1,4
18,67,19,1,80,7,-4,7,0,0,-1,3
19,69,20,1,80,9,2,7,2,2,1,4
20,67,21,1,80,7,-2,7,0,0,-1,3
21,66,22,1,95,6,-1,7,-1,11,-1,2
22,67,23,1,80,7,1,7,0,0,1,3
23,69,24,1,80,9,2,7,2,2,1,4
24,71,25,1,80,11,2,7,4,4,1,5
25,72,26,1,105,0,1,7,5,5,1,6
26,62,27,1,80,2,-10,7,-5,7,-1,5
27,64,28,1,80,4,2,7,-3,9,1,6
28,66,29,1,80,6,2,7,-1,11,1,7
29,71,30,1,95,11,5,7,4,4,1,8
30,67,31,1,80,7,-4,7,0,0,-1,7
31,69,32,1,80,9,2,7,2,2,1,8
32,66,33,1,80,6,-3,7,-1,11,-1,7
33,67,34,2,105,7,1,7,0,0,1,8
34,71,36,1,80,11,4,7,4,4,1,9
35,67,37,1,80,7,-4,7,0,0,-1,8
36,62,38,1,95,2,-5,7,-5,7,-1,7
37,67,39,1,80,7,5,7,0,0,1,8
38,71,40,1,80,11,4,7,4,4,1,9
39,67,41,1,80,7,-4,7,0,0,-1,8
40,67,42,2,105,7,0,7,0,0,0,8
41,71,44,1,80,11,4,7,4,4,1,9
42,74,45,1,80,2,3,7,7,7,1,10
43,79,46,1,95,7,5,7,12,0,1,11
44,74,47,1,80,2,-5,7,7,7,-1,10
45,71,48,1,80,11,-3,7,4,4,-1,9
46,69,49,1,80,9,-2,7,2,2,-1,8
47,71,50,1,105,11,2,7,4,4,1,9
48,67,51,1,80,7,-4,7,0,0,-1,8
49,69,52,1,80,9,2,7,2,2,1,9
50,67,53,1,80,7,-2,7,0,0,-1,8
51,66,54,1,95,6,-1,7,-1,11,-1,7
52,67,55,1,80,7,1,7,0,0,1,8
53,69,56,1,80,9,2,7,2,2,1,9
54,71,57,1,80,11,2,7,4,4,1,10
55,72,58,1,105,0,1,7,5,5,1,11
56,67,59,1,80,7,-5,7,0,0,-1,10
57,64,60,1,80,4,-3,7,-3,9,-1,9
58,66,61,1,80,6,2,7,-1,11,1,10
59,67,62,2,95,7,1,7,0,0,1,11
60,62,64,0,80,2,-5,7,-5,7,-1,10
61,64,64,0,80,4,2,7,-3,9,1,11
62,66,65,0,80,6,2,7,-1,11,1,12
63,67,66,2,105,7,1,7,0,0,1,13
64,71,68,1,80,11,4,7,4,4,1,14
65,67,69,1,80,7,-4,7,0,0,-1,13
66,62,70,1,95,2,-5,7,-5,7,-1,12
67,67,71,1,80,7,5,7,0,0,1,13
68,71,72,1,80,11,4,7,4,4,1,14
69,67,73,1,80,7,-4,7,0,0,-1,13
70,67,74,2,105,7,0,7,0,0,0,13
71,71,76,1,80,11,4,7,4,4,1,14
72,74,77,1,80,2,3,7,7,7,1,15
73,79,78,1,95,7,5,7,12,0,1,16
74,74,79,1,80,2,-5,7,7,7,-1,15
75,71,80,1,80,11,-3,7,4,4,-1,14
76,69,81,1,80,9,-2,7,2,2,-1,13
77,71,82,1,105,11,2,7,4,4,1,14
78,67,83,1,80,7,-4,7,0,0,-1,13
79,69,84,1,80,9,2,7,2,2,1,14
80,67,85,1,80,7,-2,7,0,0,-1,13
81,66,86,1,95,6,-1,7,-1,11,-1,12
82,67,87,1,80,7,1,7,0,0,1,13
83,69,88,1,80,9,2,7,2,2,1,14
84,71,89,1,80,11,2,7,4,4,1,15
85,72,90,1,105,0,1,7,5,5,1,16
86,62,91,1,80,2,-10,7,-5,7,-1,15
87,64,92,1,80,4,2,7,-3,9,1,16
88,66,93,1,80,6,2,7,-1,11,1,17
89,71,94,1,95,11,5,7,4,4,1,18
90,67,95,1,80,7,-4,7,0,0,-1,17
91,69,96,1,80,9,2,7,2,2,1,18
92,66,97,1,80,6,-3,7,-1,11,-1,17
93,67,98,2,105,7,1,7,0,0,1,18
94,71,100,1,80,11,4,7,4,4,1,19
95,67,101,1,80,7,-4,7,0,0,-1,18
96,62,102,1,95,2,-5,7,-5,7,-1,17
97,67,103,1,80,7,5,7,0,0,1,18
98,71,104,1,80,11,4,7,4,4,1,19
99,67,105,1,80,7,-4,7,0,0,-1,18
100,67,106,2,105,7,0,7,0,0,0,18
101,71,108,1,80,11,4,7,4,4,1,19
102,74,109,1,80,2,3,7,7,7,1,20
103,79,110,1,95,7,5,7,12,0,1,21
104,74,111,1,80,2,-5,7,7,7,-1,20
105,71,112,1,80,11,-3,7,4,4,-1,19
106,69,113,1,80,9,-2,7,2,2,-1,18
107,71,114,1,105,11,2,7,4,4,1,19
108,67,115,1,80,7,-4,7,0,0,-1,18
109,69,116,1,80,9,2,7,2,2,1,19
110,67,117,1,80,7,-2,7,0,0,-1,18
111,66,118,1,95,6,-1,7,-1,11,-1,17
112,67,119,1,80,7,1,7,0,0,1,18
113,69,120,1,80,9,2,7,2,2,1,19
114,71,121,1,80,11,2,7,4,4,1,20
115,72,122,1,105,0,1,7,5,5,1,21
116,67,123,1,80,7,-5,7,0,0,-1,20
117,64,124,1,80,4,-3,7,-3,9,-1,19
118,66,125,1,80,6,2,7,-1,11,1,20
119,67,126,2,95,7,1,7,0,0,1,21
120,76,128,1,80,4,9,7,9,9,1,22
121,78,129,1,80,6,2,7,11,11,1,23
122,79,130,1,105,7,1,7,12,0,1,24
123,78,131,1,80,6,-1,7,11,11,-1,23
124,79,132,1,80,7,1,7,12,0,1,24
125,81,133,1,80,9,2,7,14,2,1,25
126,79,134,1,95,7,-2,7,12,0,-1,24
127,74,135,1,80,2,-5,7,7,7,-1,23
128,71,136,1,80,11,-3,7,4,4,-1,22
129,74,137,1,80,2,3,7,7,7,1,23
130,79,138,1,105,7,5,7,12,0,1,24
131,78,139,1,80,6,-1,7,11,11,-1,23
132,79,140,1,80,7,1,7,12,0,1,24
133,81,141,1,80,9,2,7,14,2,1,25
134,83,142,1,95,11,2,7,16,4,1,26
135,79,143,1,80,7,-4,7,12,0,-1,25
136,76,144,1,80,4,-3,7,9,9,-1,24
137,78,145,1,80,6,2,7,11,11,1,25
138,79,146,1,105,7,1,7,12,0,1,26
139,78,147,1,80,6,-1,7,11,11,-1,25
140,79,148,1,80,7,1,7,12,0,1,26
141,81,149,1,80,9,2,7,14,2,1,27
142,79,150,1,95,7,-2,7,12,0,-1,26
143,74,151,1,80,2,-5,7,7,7,-1,25
144,71,152,1,80,11,-3,7,4,4,-1,24
145,72,153,1,80,0,1,7,5,5,1,25
146,74,154,1,105,2,2,7,7,7,1,26
147,76,155,1,80,4,2,7,9,9,1,27
148,74,156,1,80,2,-2,7,7,7,-1,26
149,72,157,1,80,0,-2,7,5,5,-1,25
150,71,158,1,95,11,-1,7,4,4,-1,24
151,67,159,1,80,7,-4,7,0,0,-1,23
152,69,160,1,80,9,2,7,2,2,1,24
153,66,161,1,80,6,-3,7,-1,11,-1,23
154,79,162,1,105,7,13,7,12,0,1,24
155,78,163,1,80,6,-1,7,11,11,-1,23
156,79,164,1,80,7,1,7,12,0,1,24
157,81,165,1,80,9,2,7,14,2,1,25
158,79,166,1,95,7,-2,7,12,0,-1,24
159,74,167,1,80,2,-5,7,7,7,-1,23
160,71,168,1,80,11,-3,7,4,4,-1,22
161,74,169,1,80,2,3,7,7,7,1,23
162,79,170,1,105,7,5,7,12,0,1,24
163,78,171,1,80,6,-1,7,11,11,-1,23
164,79,172,1,80,7,1,7,12,0,1,24
165,81,173,1,80,9,2,7,14,2,1,25
166,83,174,1,95,11,2,7,16,4,1,26
167,79,175,1,80,7,-4,7,12,0,-1,25
168,76,176,1,80,4,-3,7,9,9,-1,24
169,79,177,1,80,7,3,7,12,0,1,25
170,83,178,1,105,11,4,7,16,4,1,26
171,79,179,1,80,7,-4,7,12,0,-1,25
172,81,180,1,80,9,2,7,14,2,1,26
173,78,181,1,80,6,-3,7,11,11,-1,25
174,79,182,1,95,7,1,7,12,0,1,26
175,78,183,1,80,6,-1,7,11,11,-1,25
176,76,184,1,80,4,-2,7,9,9,-1,24
177,74,185,1,80,2,-2,7,7,7,-1,23
178,76,186,1,105,4,2,7,9,9,1,24
179,79,187,1,80,7,3,7,12,0,1,25
180,78,188,1,80,6,-1,7,11,11,-1,24
181,81,189,1,80,9,3,7,14,2,1,25
182,79,190,2,95,7,-2,7,12,0,-1,24
183,76,192,1,80,4,-3,7,9,9,-1,23
184,78,193,1,80,6,2,7,11,11,1,24
185,79,194,1,105,7,1,7,12,0,1,25
186,78,195,1,80,6,-1,7,11,11,-1,24
187,79,196,1,80,7,1,7,12,0,1,25
188,81,197,1,80,9,2,7,14,2,1,26
189,79,198,1,95,7,-2,7,12,0,-1,25
190,74,199,1,80,2,-5,7,7,7,-1,24
191,71,200,1,80,11,-3,7,4,4,-1,23
192,74,201,1,80,2,3,7,7,7,1,24
193,79,202,1,105,7,5,7,12,0,1,25
194,78,203,1,80,6,-1,7,11,11,-1,24
195,79,204,1,80,7,1,7,12,0,1,25
196,81,205,1,80,9,2,7,14,2,1,26
197,83,206,1,95,11,2,7,16,4,1,27
198,79,207,1,80,7,-4,7,12,0,-1,26
199,76,208,1,80,4,-3,7,9,9,-1,25
200,78,209,1,80,6,2,7,11,11,1,26
201,79,210,1,105,7,1,7,12,0,1,27
202,78,211,1,80,6,-1,7,11,11,-1,26
203,79,212,1,80,7,1,7,12,0,1,27
204,81,213,1,80,9,2,7,14,2,1,28
205,79,214,1,95,7,-2,7,12,0,-1,27
206,74,215,1,80,2,-5,7,7,7,-1,26
207,71,216,1,80,11,-3,7,4,4,-1,25
208,72,217,1,80,0,1,7,5,5,1,26
209,74,218,1,105,2,2,7,7,7,1,27
210,76,219,1,80,4,2,7,9,9,1,28
211,74,220,1,80,2,-2,7,7,7,-1,27
212,72,221,1,80,0,-2,7,5,5,-1,26
213,71,222,1,95,11,-1,7,4,4,-1,25
214,67,223,1,80,7,-4,7,0,0,-1,24
215,69,224,1,80,9,2,7,2,2,1,25
216,66,225,1,80,6,-3,7,-1,11,-1,24
217,79,226,1,105,7,13,7,12,0,1,25
218,78,227,1,80,6,-1,7,11,11,-1,24
219,79,228,1,80,7,1,7,12,0,1,25
220,81,229,1,80,9,2,7,14,2,1,26
221,79,230,1,95,7,-2,7,12,0,-1,25
222,74,231,1,80,2,-5,7,7,7,-1,24
223,71,232,1,80,11,-3,7,4,4,-1,23
224,74,233,1,80,2,3,7,7,7,1,24
225,79,234,1,105,7,5,7,12,0,1,25
226,78,235,1,80,6,-1,7,11,11,-1,24
227,79,236,1,80,7,1,7,12,0,1,25
228,81,237,1,80,9,2,7,14,2,1,26
229,83,238,1,95,11,2,7,16,4,1,27
230,79,239,1,80,7,-4,7,12,0,-1,26
231,76,240,1,80,4,-3,7,9,9,-1,25
232,79,241,1,80,7,3,7,12,0,1,26
233,83,242,1,105,11,4,7,16,4,1,27
234,79,243,1,80,7,-4,7,12,0,-1,26
235,81,244,1,80,9,2,7,14,2,1,27
236,78,245,1,80,6,-3,7,11,11,-1,26
237,79,246,1,95,7,1,7,12,0,1,27
238,78,247,1,80,6,-1,7,11,11,-1,26
239,76,248,1,80,4,-2,7,9,9,-1,25
240,74,249,1,80,2,-2,7,7,7,-1,24
241,76,250,1,105,4,2,7,9,9,1,25
242,79,251,1,80,7,3,7,12,0,1,26
243,78,252,1,80,6,-1,7,11,11,-1,25
244,81,253,1,80,9,3,7,14,2,1,26
245,79,254,2,95,7,-2,7,12,0,-1,25
