,midi_note,onset,duration,velocity,pitch_class,interval,root,relative_pitch,relative_pitch_class,parsons_code,parsons_cumsum
0,78,0,0,105,6,0,2,16,4,0,0
1,76,0,0,80,4,-2,2,14,2,-1,-1
2,74,1,1,105,2,-2,2,12,0,-1,-2
3,73,2,1,80,1,-1,2,11,11,-1,-3
4,74,3,1,80,2,1,2,12,0,1,-2
5,69,4,1,95,9,-5,2,7,7,-1,-3
6,66,5,1,80,6,-3,2,4,4,-1,-4
7,62,6,1,80,2,-4,2,0,0,-1,-5
8,67,7,1,105,7,5,2,5,5,1,-4
9,71,8,1,80,11,4,2,9,9,1,-3
10,67,9,1,80,7,-4,2,5,5,-1,-4
11,69,10,1,95,9,2,2,7,7,1,-3
12,66,11,1,80,6,-3,2,4,4,-1,-4
13,64,12,1,80,4,-2,2,2,2,-1,-5
14,62,13,1,105,2,-2,2,0,0,-1,-6
15,66,14,1,80,6,4,2,4,4,1,-5
16,69,15,1,80,9,3,2,7,7,1,-4
17,74,16,1,95,2,5,2,12,0,1,-3
18,78,17,1,80,6,4,2,16,4,1,-2
19,74,18,1,80,2,-4,2,12,0,-1,-3
20,73,19,1,105,1,-1,2,11,11,-1,-4
21,71,20,1,80,11,-2,2,9,9,-1,-5
22,73,21,1,80,1,2,2,11,11,1,-4
23,69,22,1,95,9,-4,2,7,7,-1,-5
24,78,23,1,80,6,9,2,16,4,1,-4
25,76,24,1,80,4,-2,2,14,2,-1,-5
26,74,25,1,105,2,-2,2,12,0,-1,-6
27,73,26,1,80,1,-1,2,11,11,-1,-7
28,74,27,1,80,2,1,2,12,0,1,-6
29,69,28,1,95,9,-5,2,7,7,-1,-7
30,66,29,1,80,6,-3,2,4,4,-1,-8
31,62,30,1,80,2,-4,2,0,0,-1,-9
32,67,31,1,105,7,5,2,5,5,1,-8
33,71,32,1,80,11,4,2,9,9,1,-7
34,67,33,1,80,7,-4,2,5,5,-1,-8
35,69,34,1,95,9,2,2,7,7,1,-7
36,66,35,1,80,6,-3,2,4,4,-1,-8
37,64,36,1,80,4,-2,2,2,2,-1,-9
38,62,37,1,105,2,-2,2,0,0,-1,-10
39,66,38,1,80,6,4,2,4,4,1,-9
40,69,39,1,80,9,3,2,7,7,1,-8
41,74,40,1,95,2,5,2,12,0,1,-7
42,66,41,1,80,6,-8,2,4,4,-1,-8
43,69,42,1,80,9,3,2,7,7,1,-7
44,62,43,1,105,2,-7,2,0,0,-1,-8
45,64,44,1,80,4,2,2,2,2,1,-7
46,62,45,1,80,2,-2,2,0,0,-1,-8
47,62,46,2,95,2,0,2,0,0,0,-8
48,78,48,0,80,6,16,2,16,4,1,-7
49,76,48,0,80,4,-2,2,14,2,-1,-8
50,74,49,1,105,2,-2,2,12,0,-1,-9
51,73,50,1,80,1,-1,2,11,11,-1,-10
52,74,51,1,80,2,1,2,12,0,1,-9
53,69,52,1,95,9,-5,2,7,7,-1,-10
54,66,53,1,80,6,-3,2,4,4,-1,-11
55,62,54,1,80,2,-4,2,0,0,-1,-12
56,67,55,1,105,7,5,2,5,5,1,-11
57,71,56,1,80,11,4,2,9,9,1,-10
58,67,57,1,80,7,-4,2,5,5,-1,-11
59,69,58,1,95,9,2,2,7,7,1,-10
60,66,59,1,80,6,-3,2,4,4,-1,-11
61,64,60,1,80,4,-2,2,2,2,-1,-12
62,62,61,1,105,2,-2,2,0,0,-1,-13
63,66,62,1,80,6,4,2,4,4,1,-12
64,69,63,1,80,9,3,2,7,7,1,-11
65,74,64,1,95,2,5,2,12,0,1,-10
66,78,65,1,80,6,4,2,16,4,1,-9
67,74,66,1,80,2,-4,2,12,0,-1,-10
68,73,67,1,105,1,-1,2,11,11,-1,-11
69,71,68,1,80,11,-2,2,9,9,-1,-12
70,73,69,1,80,1,2,2,11,11,1,-11
71,69,70,1,95,9,-4,2,7,7,-1,-12
72,78,71,1,80,6,9,2,16,4,1,-11
73,76,72,1,80,4,-2,2,14,2,-1,-12
74,74,73,1,105,2,-2,2,12,0,-1,-13
75,73,74,1,80,1,-1,2,11,11,-1,-14
76,74,75,1,80,2,1,2,12,0,1,-13
77,69,76,1,95,9,-5,2,7,7,-1,-14
78,66,77,1,80,6,-3,2,4,4,-1,-15
79,62,78,1,80,2,-4,2,0,0,-1,-16
80,67,79,1,105,7,5,2,5,5,1,-15
81,71,80,1,80,11,4,2,9,9,1,-14
82,67,81,1,80,7,-4,2,5,5,-1,-15
83,69,82,1,95,9,2,2,7,7,1,-14
84,66,83,1,80,6,-3,2,4,4,-1,-15
85,64,84,1,80,4,-2,2,2,2,-1,-16
86,62,85,1,105,2,-2,2,0,0,-1,-17
87,66,86,1,80,6,4,2,4,4,1,-16
88,69,87,1,80,9,3,2,7,7,1,-15
89,74,88,1,95,2,5,2,12,0,1,-14
90,66,89,1,80,6,-8,2,4,4,-1,-15
91,69,90,1,80,9,3,2,7,7,1,-14
92,62,91,1,105,2,-7,2,0,0,-1,-15
93,64,92,1,80,4,2,2,2,2,1,-14
94,62,93,1,80,2,-2,2,0,0,-1,-15
95,62,94,2,95,2,0,2,0,0,0,-15
96,66,96,0,80,6,4,2,4,4,1,-14
97,67,96,0,80,7,1,2,5,5,1,-13
98,69,97,1,105,9,2,2,7,7,1,-12
99,66,98,1,80,6,-3,2,4,4,-1,-13
100,69,99,1,80,9,3,2,7,7,1,-12
101,74,100,1,95,2,5,2,12,0,1,-11
102,73,101,1,80,1,-1,2,11,11,-1,-12
103,74,102,1,80,2,1,2,12,0,1,-11
104,71,103,1,105,11,-3,2,9,9,-1,-12
105,67,104,1,80,7,-4,2,5,5,-1,-13
106,71,105,1,80,11,4,2,9,9,1,-12
107,76,106,1,95,4,5,2,14,2,1,-11
108,71,107,1,80,11,-5,2,9,9,-1,-12
109,76,108,1,80,4,5,2,14,2,1,-11
110,73,109,1,105,1,-3,2,11,11,-1,-12
111,71,110,1,80,11,-2,2,9,9,-1,-13
112,73,111,1,80,1,2,2,11,11,1,-12
113,69,112,1,95,9,-4,2,7,7,-1,-13
114,78,113,1,80,6,9,2,16,4,1,-12
115,76,114,1,80,4,-2,2,14,2,-1,-13
116,74,115,1,105,2,-2,2,12,0,-1,-14
117,73,116,1,80,1,-1,2,11,11,-1,-15
118,71,117,1,80,11,-2,2,9,9,-1,-16
119,69,118,1,95,9,-2,2,7,7,-1,-17
120,66,119,1,80,6,-3,2,4,4,-1,-18
121,67,120,1,80,7,1,2,5,5,1,-17
122,69,121,1,105,9,2,2,7,7,1,-16
123,66,122,1,80,6,-3,2,4,4,-1,-17
124,69,123,1,80,9,3,2,7,7,1,-16
125,74,124,1,95,2,5,2,12,0,1,-15
126,73,125,1,80,1,-1,2,11,11,-1,-16
127,74,126,1,80,2,1,2,12,0,1,-15
128,71,127,1,105,11,-3,2,9,9,-1,-16
129,67,128,1,80,7,-4,2,5,5,-1,-17
130,71,129,1,80,11,4,2,9,9,1,-16
131,76,130,1,95,4,5,2,14,2,1,-15
132,73,131,1,80,1,-3,2,11,11,-1,-16
133,71,132,1,80,11,-2,2,9,9,-1,-17
134,69,133,1,105,9,-2,2,7,7,-1,-18
135,73,134,1,80,1,4,2,11,11,1,-17
136,76,135,1,80,4,3,2,14,2,1,-16
137,74,136,1,95,2,-2,2,12,0,-1,-17
138,69,137,1,80,9,-5,2,7,7,-1,-18
139,66,138,1,80,6,-3,2,4,4,-1,-19
140,62,139,1,105,2,-4,2,0,0,-1,-20
141,64,140,1,80,4,2,2,2,2,1,-19
142,62,141,1,80,2,-2,2,0,0,-1,-20
143,62,142,2,95,2,0,2,0,0,0,-20
144,66,144,0,80,6,4,2,4,4,1,-19
145,67,144,0,80,7,1,2,5,5,1,-18
146,69,145,1,105,9,2,2,7,7,1,-17
147,66,146,1,80,6,-3,2,4,4,-1,-18
148,69,147,1,80,9,3,2,7,7,1,-17
149,74,148,1,95,2,5,2,12,0,1,-16
150,73,149,1,80,1,-1,2,11,11,-1,-17
151,74,150,1,80,2,1,2,12,0,1,-16
152,71,151,1,105,11,-3,2,9,9,-1,-17
153,67,152,1,80,7,-4,2,5,5,-1,-18
154,71,153,1,80,11,4,2,9,9,1,-17
155,76,154,1,95,4,5,2,14,2,1,-16
156,71,155,1,80,11,-5,2,9,9,-1,-17
157,76,156,1,80,4,5,2,14,2,1,-16
158,73,157,1,105,1,-3,2,11,11,-1,-17
159,71,158,1,80,11,-2,2,9,9,-1,-18
160,73,159,1,80,1,2,2,11,11,1,-17
161,69,160,1,95,9,-4,2,7,7,-1,-18
162,78,161,1,80,6,9,2,16,4,1,-17
163,76,162,1,80,4,-2,2,14,2,-1,-18
164,74,163,1,105,2,-2,2,12,0,-1,-19
165,73,164,1,80,1,-1,2,11,11,-1,-20
166,71,165,1,80,11,-2,2,9,9,-1,-21
167,69,166,1,95,9,-2,2,7,7,-1,-22
168,66,167,1,80,6,-3,2,4,4,-1,-23
169,67,168,1,80,7,1,2,5,5,1,-22
170,69,169,1,105,9,2,2,7,7,1,-21
171,66,170,1,80,6,-3,2,4,4,-1,-22
172,69,171,1,80,9,3,2,7,7,1,-21
173,74,172,1,95,2,5,2,12,0,1,-20
174,73,173,1,80,1,-1,2,11,11,-1,-21
175,74,174,1,80,2,1,2,12,0,1,-20
176,71,175,1,105,11,-3,2,9,9,-1,-21
177,67,176,1,80,7,-4,2,5,5,-1,-22
178,71,177,1,80,11,4,2,9,9,1,-21
179,76,178,1,95,4,5,2,14,2,1,-20
180,73,179,1,80,1,-3,2,11,11,-1,-21
181,71,180,1,80,11,-2,2,9,9,-1,-22
182,69,181,1,105,9,-2,2,7,7,-1,-23
183,73,182,1,80,1,4,2,11,11,1,-22
184,76,183,1,80,4,3,2,14,2,1,-21
185,74,184,1,95,2,-2,2,12,0,-1,-22
186,69,185,1,80,9,-5,2,7,7,-1,-23
187,66,186,1,80,6,-3,2,4,4,-1,-24
188,62,187,1,105,2,-4,2,0,0,-1,-25
189,64,188,1,80,4,2,2,2,2,1,-24
190,62,189,1,80,2,-2,2,0,0,-1,-25
191,62,190,2,95,2,0,2,0,0,0,-25
192,66,192,1,80,6,4,2,4,4,1,-24
193,67,193,1,105,7,1,2,5,5,1,-23
194,66,194,1,80,6,-1,2,4,4,-1,-24
195,67,195,1,80,7,1,2,5,5,1,-23
196,64,196,1,95,4,-3,2,2,2,-1,-24
197,76,197,1,80,4,12,2,14,2,1,-23
198,74,198,1,80,2,-2,2,12,0,-1,-24
199,73,199,1,105,1,-1,2,11,11,-1,-25
200,71,200,1,80,11,-2,2,9,9,-1,-26
201,73,201,1,80,1,2,2,11,11,1,-25
202,69,202,1,95,9,-4,2,7,7,-1,-26
203,67,203,1,80,7,-2,2,5,5,-1,-27
204,66,204,1,80,6,-1,2,4,4,-1,-28
205,67,205,1,105,7,1,2,5,5,1,-27
206,66,206,1,80,6,-1,2,4,4,-1,-28
207,67,207,1,80,7,1,2,5,5,1,-27
208,64,208,1,95,4,-3,2,2,2,-1,-28
209,73,209,1,80,1,9,2,11,11,1,-27
210,74,210,1,80,2,1,2,12,0,1,-26
211,76,211,1,105,4,2,2,14,2,1,-25
212,73,212,1,80,1,-3,2,11,11,-1,-26
213,71,213,1,80,11,-2,2,9,9,-1,-27
214,69,214,2,95,9,-2,2,7,7,-1,-28
215,69,216,1,80,9,0,2,7,7,0,-28
216,74,217,1,105,2,5,2,12,0,1,-27
217,78,218,1,80,6,4,2,16,4,1,-26
218,74,219,1,80,2,-4,2,12,0,-1,-27
219,76,220,1,95,4,2,2,14,2,1,-26
220,73,221,1,80,1,-3,2,11,11,-1,-27
221,69,222,1,80,9,-4,2,7,7,-1,-28
222,67,223,1,105,7,-2,2,5,5,-1,-29
223,66,224,1,80,6,-1,2,4,4,-1,-30
224,67,225,1,80,7,1,2,5,5,1,-29
225,69,226,1,95,9,2,2,7,7,1,-28
226,66,227,1,80,6,-3,2,4,4,-1,-29
227,64,228,1,80,4,-2,2,2,2,-1,-30
228,62,229,1,105,2,-2,2,0,0,-1,-31
229,66,230,1,80,6,4,2,4,4,1,-30
230,69,231,1,80,9,3,2,7,7,1,-29
231,74,232,1,95,2,5,2,12,0,1,-28
232,66,233,1,80,6,-8,2,4,4,-1,-29
233,69,234,1,80,9,3,2,7,7,1,-28
234,62,235,1,105,2,-7,2,0,0,-1,-29
235,64,236,1,80,4,2,2,2,2,1,-28
236,62,237,1,80,2,-2,2,0,0,-1,-29
237,62,238,2,95,2,0,2,0,0,0,-29
238,66,240,1,80,6,4,2,4,4,1,-28
239,67,241,1,105,7,1,2,5,5,1,-27
240,66,242,1,80,6,-1,2,4,4,-1,-28
241,67,243,1,80,7,1,2,5,5,1,-27
242,64,244,1,95,4,-3,2,2,2,-1,-28
243,76,245,1,80,4,12,2,14,2,1,-27
244,74,246,1,80,2,-2,2,12,0,-1,-28
245,73,247,1,105,1,-1,2,11,11,-1,-29
246,71,248,1,80,11,-2,2,9,9,-1,-30
247,73,249,1,80,1,2,2,11,11,1,-29
248,69,250,1,95,9,-4,2,7,7,-1,-30
249,67,251,1,80,7,-2,2,5,5,-1,-31
250,66,252,1,80,6,-1,2,4,4,-1,-32
251,67,253,1,105,7,1,2,5,5,1,-31
252,66,254,1,80,6,-1,2,4,4,-1,-32
253,67,255,1,80,7,1,2,5,5,1,-31
254,64,256,1,95,4,-3,2,2,2,-1,-32
255,73,257,1,80,1,9,2,11,11,1,-31
256,74,258,1,80,2,1,2,12,0,1,-30
257,76,259,1,105,4,2,2,14,2,1,-29
258,73,260,1,80,1,-3,2,11,11,-1,-30
259,71,261,1,80,11,-2,2,9,9,-1,-31
260,69,262,2,95,9,-2,2,7,7,-1,-32
261,69,264,1,80,9,0,2,7,7,0,-32
262,74,265,1,105,2,5,2,12,0,1,-31
263,78,266,1,80,6,4,2,16,4,1,-30
264,74,267,1,80,2,-4,2,12,0,-1,-31
265,76,268,1,95,4,2,2,14,2,1,-30
266,73,269,1,80,1,-3,2,11,11,-1,-31
267,69,270,1,80,9,-4,2,7,7,-1,-32
268,67,271,1,105,7,-2,2,5,5,-1,-33
269,66,272,1,80,6,-1,2,4,4,-1,-34
270,67,273,1,80,7,1,2,5,5,1,-33
271,69,274,1,95,9,2,2,7,7,1,-32
272,66,275,1,80,6,-3,2,4,4,-1,-33
273,64,276,1,80,4,-2,2,2,2,-1,-34
274,62,277,1,105,2,-2,2,0,0,-1,-35
275,66,278,1,80,6,4,2,4,4,1,-34
276,69,279,1,80,9,3,2,7,7,1,-33
277,74,280,1,95,2,5,2,12,0,1,-32
278,66,281,1,80,6,-8,2,4,4,-1,-33
279,69,282,1,80,9,3,2,7,7,1,-32
280,62,283,1,105,2,-7,2,0,0,-1,-33
281,64,284,1,80,4,2,2,2,2,1,-32
282,62,285,1,80,2,-2,2,0,0,-1,-33
283,62,286,2,95,2,0,2,0,0,0,-33
