,midi_note,onset,duration,velocity,pitch_class,interval,root,relative_pitch,relative_pitch_class,parsons_code,parsons_cumsum
0,74,0,1,105,2,0,2,12,0,0,0
1,71,1,1,80,11,-3,2,9,9,-1,-1
2,72,2,1,105,0,1,2,10,10,1,0
3,69,3,1,80,9,-3,2,7,7,-1,-1
4,67,4,1,80,7,-2,2,5,5,-1,-2
5,64,5,1,80,4,-3,2,2,2,-1,-3
6,69,6,1,95,9,5,2,7,7,1,-2
7,62,7,1,80,2,-7,2,0,0,-1,-3
8,62,8,2,80,2,0,2,0,0,0,-3
9,66,10,1,105,6,4,2,4,4,1,-2
10,62,11,1,80,2,-4,2,0,0,-1,-3
11,69,12,1,80,9,7,2,7,7,1,-2
12,62,13,1,80,2,-7,2,0,0,-1,-3
13,66,14,1,95,6,4,2,4,4,1,-2
14,62,15,1,80,2,-4,2,0,0,-1,-3
15,62,16,2,80,2,0,2,0,0,0,-3
16,72,18,1,105,0,10,2,10,10,1,-2
17,69,19,1,80,9,-3,2,7,7,-1,-3
18,67,20,1,80,7,-2,2,5,5,-1,-4
19,69,21,1,80,9,2,2,7,7,1,-3
20,69,22,1,95,9,0,2,7,7,0,-3
21,67,23,1,80,7,-2,2,5,5,-1,-4
22,64,24,0,80,4,-3,2,2,2,-1,-5
23,66,24,0,80,6,2,2,4,4,1,-4
24,67,25,0,80,7,1,2,5,5,1,-3
25,69,26,1,105,9,2,2,7,7,1,-2
26,74,27,1,80,2,5,2,12,0,1,-1
27,74,28,1,80,2,0,2,12,0,0,-1
28,76,29,1,80,4,2,2,14,2,1,0
29,78,30,1,95,6,2,2,16,4,1,1
30,74,31,1,80,2,-4,2,12,0,-1,0
31,76,32,1,80,4,2,2,14,2,1,1
32,74,33,1,80,2,-2,2,12,0,-1,0
33,72,34,1,105,0,-2,2,10,10,-1,-1
34,69,35,1,80,9,-3,2,7,7,-1,-2
35,67,36,1,80,7,-2,2,5,5,-1,-3
36,71,37,1,80,11,4,2,9,9,1,-2
37,69,38,1,95,9,-2,2,7,7,-1,-3
38,62,39,1,80,2,-7,2,0,0,-1,-4
39,62,40,2,80,2,0,2,0,0,0,-4
40,66,42,1,105,6,4,2,4,4,1,-3
41,62,43,1,80,2,-4,2,0,0,-1,-4
42,69,44,1,80,9,7,2,7,7,1,-3
43,62,45,1,80,2,-7,2,0,0,-1,-4
44,66,46,1,95,6,4,2,4,4,1,-3
45,62,47,1,80,2,-4,2,0,0,-1,-4
46,62,48,2,80,2,0,2,0,0,0,-4
47,72,50,1,105,0,10,2,10,10,1,-3
48,69,51,1,80,9,-3,2,7,7,-1,-4
49,67,52,1,80,7,-2,2,5,5,-1,-5
50,69,53,1,80,9,2,2,7,7,1,-4
51,69,54,1,95,9,0,2,7,7,0,-4
52,67,55,1,80,7,-2,2,5,5,-1,-5
53,64,56,0,80,4,-3,2,2,2,-1,-6
54,66,56,0,80,6,2,2,4,4,1,-5
55,67,57,0,80,7,1,2,5,5,1,-4
56,69,58,1,105,9,2,2,7,7,1,-3
57,74,59,1,80,2,5,2,12,0,1,-2
58,74,60,1,80,2,0,2,12,0,0,-2
59,72,61,1,80,0,-2,2,10,10,-1,-3
60,74,62,3,95,2,2,2,12,0,1,-2
61,79,65,1,80,7,5,2,17,5,1,-1
62,78,66,0,105,6,-1,2,16,4,-1,-2
63,79,66,0,80,7,1,2,17,5,1,-1
64,78,67,0,80,6,-1,2,16,4,-1,-2
65,78,68,1,80,6,0,2,16,4,0,-2
66,74,69,1,80,2,-4,2,12,0,-1,-3
67,76,70,1,95,4,2,2,14,2,1,-2
68,78,71,1,80,6,2,2,16,4,1,-1
69,79,72,1,80,7,1,2,17,5,1,0
70,76,73,1,80,4,-3,2,14,2,-1,-1
71,78,74,1,105,6,2,2,16,4,1,0
72,74,75,1,80,2,-4,2,12,0,-1,-1
73,76,76,1,80,4,2,2,14,2,1,0
74,74,77,1,80,2,-2,2,12,0,-1,-1
75,72,78,1,95,0,-2,2,10,10,-1,-2
76,69,79,1,80,9,-3,2,7,7,-1,-3
77,69,80,1,80,9,0,2,7,7,0,-3
78,79,81,0,80,7,10,2,17,5,1,-2
79,78,82,0,105,6,-1,2,16,4,-1,-3
80,79,82,0,80,7,1,2,17,5,1,-2
81,78,83,0,80,6,-1,2,16,4,-1,-3
82,74,84,1,80,2,-4,2,12,0,-1,-4
83,78,85,1,80,6,4,2,16,4,1,-3
84,76,86,1,95,4,-2,2,14,2,-1,-4
85,74,87,1,80,2,-2,2,12,0,-1,-5
86,72,88,1,80,0,-2,2,10,10,-1,-6
87,71,89,1,80,11,-1,2,9,9,-1,-7
88,69,90,2,105,9,-2,2,7,7,-1,-8
89,74,92,1,80,2,5,2,12,0,1,-7
90,72,93,1,80,0,-2,2,10,10,-1,-8
91,74,94,1,95,2,2,2,12,0,1,-7
92,76,95,1,80,4,2,2,14,2,1,-6
93,78,96,1,80,6,2,2,16,4,1,-5
94,79,97,1,80,7,1,2,17,5,1,-4
95,81,98,1,105,9,2,2,19,7,1,-3
96,79,99,1,80,7,-2,2,17,5,-1,-4
97,78,100,1,80,6,-1,2,16,4,-1,-5
98,81,101,1,80,9,3,2,19,7,1,-4
99,79,102,2,95,7,-2,2,17,5,-1,-5
100,76,104,1,80,4,-3,2,14,2,-1,-6
101,79,105,1,80,7,3,2,17,5,1,-5
102,78,106,0,105,6,-1,2,16,4,-1,-6
103,79,106,0,80,7,1,2,17,5,1,-5
104,78,107,0,80,6,-1,2,16,4,-1,-6
105,76,108,1,80,4,-2,2,14,2,-1,-7
106,78,109,1,80,6,2,2,16,4,1,-6
107,74,110,1,95,2,-4,2,12,0,-1,-7
108,72,111,1,80,0,-2,2,10,10,-1,-8
109,69,112,1,80,9,-3,2,7,7,-1,-9
110,67,113,1,80,7,-2,2,5,5,-1,-10
111,69,114,1,105,9,2,2,7,7,1,-9
112,74,115,1,80,2,5,2,12,0,1,-8
113,74,116,1,80,2,0,2,12,0,0,-8
114,72,117,1,80,0,-2,2,10,10,-1,-9
115,74,118,1,95,2,2,2,12,0,1,-8
116,78,119,1,80,6,4,2,16,4,1,-7
117,76,120,1,80,4,-2,2,14,2,-1,-8
118,74,121,1,80,2,-2,2,12,0,-1,-9
119,69,122,1,105,9,-5,2,7,7,-1,-10
120,74,123,1,80,2,5,2,12,0,1,-9
121,74,124,1,80,2,0,2,12,0,0,-9
122,76,125,1,80,4,2,2,14,2,1,-8
123,78,126,1,95,6,2,2,16,4,1,-7
124,74,127,1,80,2,-4,2,12,0,-1,-8
125,76,128,1,80,4,2,2,14,2,1,-7
126,74,129,1,80,2,-2,2,12,0,-1,-8
127,72,130,1,105,0,-2,2,10,10,-1,-9
128,69,131,1,80,9,-3,2,7,7,-1,-10
129,67,132,1,80,7,-2,2,5,5,-1,-11
130,71,133,1,80,11,4,2,9,9,1,-10
131,69,134,2,95,9,-2,2,7,7,-1,-11
132,69,136,1,80,9,0,2,7,7,0,-11
133,74,137,1,80,2,5,2,12,0,1,-10
134,71,138,3,105,11,-3,2,9,9,-1,-11
135,67,141,1,80,7,-4,2,5,5,-1,-12
136,69,142,3,95,9,2,2,7,7,1,-11
137,74,145,1,80,2,5,2,12,0,1,-10
138,72,146,1,105,0,-2,2,10,10,-1,-11
139,69,147,1,80,9,-3,2,7,7,-1,-12
140,67,148,1,80,7,-2,2,5,5,-1,-13
141,69,149,1,80,9,2,2,7,7,1,-12
142,69,150,2,95,9,0,2,7,7,0,-12
143,69,152,1,80,9,0,2,7,7,0,-12
144,67,153,1,80,7,-2,2,5,5,-1,-13
145,69,154,2,105,9,2,2,7,7,1,-12
146,74,156,1,80,2,5,2,12,0,1,-11
147,76,157,1,80,4,2,2,14,2,1,-10
148,78,158,1,95,6,2,2,16,4,1,-9
149,74,159,1,80,2,-4,2,12,0,-1,-10
150,76,160,1,80,4,2,2,14,2,1,-9
151,74,161,1,80,2,-2,2,12,0,-1,-10
152,72,162,1,105,0,-2,2,10,10,-1,-11
153,69,163,1,80,9,-3,2,7,7,-1,-12
154,67,164,1,80,7,-2,2,5,5,-1,-13
155,71,165,1,80,11,4,2,9,9,1,-12
156,69,166,2,95,9,-2,2,7,7,-1,-13
157,69,168,2,80,9,0,2,7,7,0,-13
158,69,170,1,105,9,0,2,7,7,0,-13
159,67,171,1,80,7,-2,2,5,5,-1,-14
160,67,172,1,80,7,0,2,5,5,0,-14
161,66,173,1,80,6,-1,2,4,4,-1,-15
162,67,174,1,95,7,1,2,5,5,1,-14
163,71,175,1,80,11,4,2,9,9,1,-13
164,74,176,1,80,2,3,2,12,0,1,-12
165,71,177,1,80,11,-3,2,9,9,-1,-13
166,72,178,1,105,0,1,2,10,10,1,-12
167,69,179,1,80,9,-3,2,7,7,-1,-13
168,67,180,2,80,7,-2,2,5,5,-1,-14
169,69,182,1,95,9,2,2,7,7,1,-13
170,62,183,1,80,2,-7,2,0,0,-1,-14
171,62,184,2,80,2,0,2,0,0,0,-14
172,69,186,1,105,9,7,2,7,7,1,-13
173,74,187,1,80,2,5,2,12,0,1,-12
174,74,188,1,80,2,0,2,12,0,0,-12
175,72,189,1,80,0,-2,2,10,10,-1,-13
176,74,190,3,95,2,2,2,12,0,1,-12
177,76,193,1,80,4,2,2,14,2,1,-11
178,78,194,2,105,6,2,2,16,4,1,-10
179,81,196,1,80,9,3,2,19,7,1,-9
180,74,197,1,80,2,-7,2,12,0,-1,-10
181,78,198,2,95,6,4,2,16,4,1,-9
182,81,200,1,80,9,3,2,19,7,1,-8
183,74,201,1,80,2,-7,2,12,0,-1,-9
184,78,202,2,105,6,4,2,16,4,1,-8
185,81,204,1,80,9,3,2,19,7,1,-7
186,74,205,1,80,2,-7,2,12,0,-1,-8
187,79,206,1,95,7,5,2,17,5,1,-7
188,76,207,1,80,4,-3,2,14,2,-1,-8
189,76,208,2,80,4,0,2,14,2,0,-8
190,78,210,2,105,6,2,2,16,4,1,-7
191,81,212,1,80,9,3,2,19,7,1,-6
192,74,213,1,80,2,-7,2,12,0,-1,-7
193,78,214,2,95,6,4,2,16,4,1,-6
194,81,216,1,80,9,3,2,19,7,1,-5
195,74,217,1,80,2,-7,2,12,0,-1,-6
196,78,218,1,105,6,4,2,16,4,1,-5
197,81,219,1,80,9,3,2,19,7,1,-4
198,79,220,1,80,7,-2,2,17,5,-1,-5
199,76,221,1,80,4,-3,2,14,2,-1,-6
200,74,222,1,95,2,-2,2,12,0,-1,-7
201,72,223,1,80,0,-2,2,10,10,-1,-8
202,69,224,1,80,9,-3,2,7,7,-1,-9
203,74,225,1,80,2,5,2,12,0,1,-8
204,74,226,1,105,2,0,2,12,0,0,-8
205,76,227,1,80,4,2,2,14,2,1,-7
206,78,228,1,80,6,2,2,16,4,1,-6
207,79,229,1,80,7,1,2,17,5,1,-5
208,81,230,2,95,9,2,2,19,7,1,-4
209,81,232,1,80,9,0,2,19,7,0,-4
210,79,233,1,80,7,-2,2,17,5,-1,-5
211,83,234,0,105,11,4,2,21,9,1,-4
212,81,234,0,80,9,-2,2,19,7,-1,-5
213,79,235,0,80,7,-2,2,17,5,-1,-6
214,81,236,1,80,9,2,2,19,7,1,-5
215,78,237,1,80,6,-3,2,16,4,-1,-6
216,79,238,1,95,7,1,2,17,5,1,-5
217,78,239,1,80,6,-1,2,16,4,-1,-6
218,76,240,1,80,4,-2,2,14,2,-1,-7
219,79,241,1,80,7,3,2,17,5,1,-6
220,78,242,1,105,6,-1,2,16,4,-1,-7
221,76,243,1,80,4,-2,2,14,2,-1,-8
222,74,244,1,80,2,-2,2,12,0,-1,-9
223,78,245,1,80,6,4,2,16,4,1,-8
224,76,246,1,95,4,-2,2,14,2,-1,-9
225,74,247,1,80,2,-2,2,12,0,-1,-10
226,72,248,1,80,0,-2,2,10,10,-1,-11
227,76,249,1,80,4,4,2,14,2,1,-10
228,74,250,1,105,2,-2,2,12,0,-1,-11
229,72,251,1,80,0,-2,2,10,10,-1,-12
230,74,252,1,80,2,2,2,12,0,1,-11
231,76,253,1,80,4,2,2,14,2,1,-10
232,78,254,1,95,6,2,2,16,4,1,-9
233,74,255,1,80,2,-4,2,12,0,-1,-10
234,76,256,1,80,4,2,2,14,2,1,-9
235,74,257,1,80,2,-2,2,12,0,-1,-10
