,midi_note,onset,duration,velocity,pitch_class,interval,root,relative_pitch,relative_pitch_class,parsons_code,parsons_cumsum
0,74,0,1,105,2,0,4,10,10,0,0
1,73,1,1,80,1,-1,4,9,9,-1,-1
2,71,2,1,105,11,-2,4,7,7,-1,-2
3,64,3,1,80,4,-7,4,0,0,-1,-3
4,64,4,2,80,4,0,4,0,0,0,-3
5,67,6,1,95,7,3,4,3,3,1,-2
6,71,7,1,80,11,4,4,7,7,1,-1
7,69,8,1,80,9,-2,4,5,5,-1,-2
8,67,9,1,80,7,-2,4,3,3,-1,-3
9,66,10,0,105,6,-1,4,2,2,-1,-4
10,64,10,0,80,4,-2,4,0,0,-1,-5
11,62,11,0,80,2,-2,4,-2,10,-1,-6
12,69,12,1,80,9,7,4,5,5,1,-5
13,62,13,1,80,2,-7,4,-2,10,-1,-6
14,71,14,2,95,11,9,4,7,7,1,-5
15,69,16,1,80,9,-2,4,5,5,-1,-6
16,66,17,1,80,6,-3,4,2,2,-1,-7
17,67,18,1,105,7,1,4,3,3,1,-6
18,66,19,1,80,6,-1,4,2,2,-1,-7
19,64,20,1,80,4,-2,4,0,0,-1,-8
20,66,21,1,80,6,2,4,2,2,1,-7
21,67,22,1,95,7,1,4,3,3,1,-6
22,69,23,1,80,9,2,4,5,5,1,-5
23,71,24,1,80,11,2,4,7,7,1,-4
24,73,25,1,80,1,2,4,9,9,1,-3
25,74,26,1,105,2,1,4,10,10,1,-2
26,73,27,1,80,1,-1,4,9,9,-1,-3
27,74,28,1,80,2,1,4,10,10,1,-2
28,78,29,1,80,6,4,4,14,2,1,-1
29,76,30,1,95,4,-2,4,12,0,-1,-2
30,73,31,1,80,1,-3,4,9,9,-1,-3
31,74,32,1,80,2,1,4,10,10,1,-2
32,73,33,1,80,1,-1,4,9,9,-1,-3
33,71,34,1,105,11,-2,4,7,7,-1,-4
34,64,35,1,80,4,-7,4,0,0,-1,-5
35,64,36,2,80,4,0,4,0,0,0,-5
36,67,38,1,95,7,3,4,3,3,1,-4
37,71,39,1,80,11,4,4,7,7,1,-3
38,69,40,1,80,9,-2,4,5,5,-1,-4
39,67,41,1,80,7,-2,4,3,3,-1,-5
40,66,42,0,105,6,-1,4,2,2,-1,-6
41,64,42,0,80,4,-2,4,0,0,-1,-7
42,62,43,0,80,2,-2,4,-2,10,-1,-8
43,69,44,1,80,9,7,4,5,5,1,-7
44,62,45,1,80,2,-7,4,-2,10,-1,-8
45,71,46,1,95,11,9,4,7,7,1,-7
46,62,47,1,80,2,-9,4,-2,10,-1,-8
47,69,48,1,80,9,7,4,5,5,1,-7
48,66,49,1,80,6,-3,4,2,2,-1,-8
49,67,50,1,105,7,1,4,3,3,1,-7
50,66,51,1,80,6,-1,4,2,2,-1,-8
51,64,52,1,80,4,-2,4,0,0,-1,-9
52,66,53,1,80,6,2,4,2,2,1,-8
53,67,54,1,95,7,1,4,3,3,1,-7
54,69,55,1,80,9,2,4,5,5,1,-6
55,71,56,1,80,11,2,4,7,7,1,-5
56,72,57,1,80,0,1,4,8,8,1,-4
57,74,58,3,105,2,2,4,10,10,1,-3
58,74,61,1,80,2,0,4,10,10,0,-3
59,76,62,2,95,4,2,4,12,0,1,-2
60,74,64,1,80,2,-2,4,10,10,-1,-3
61,73,65,1,80,1,-1,4,9,9,-1,-4
62,71,66,1,105,11,-2,4,7,7,-1,-5
63,64,67,1,80,4,-7,4,0,0,-1,-6
64,64,68,2,80,4,0,4,0,0,0,-6
65,67,70,1,95,7,3,4,3,3,1,-5
66,71,71,1,80,11,4,4,7,7,1,-4
67,69,72,1,80,9,-2,4,5,5,-1,-5
68,67,73,1,80,7,-2,4,3,3,-1,-6
69,66,74,0,105,6,-1,4,2,2,-1,-7
70,64,74,0,80,4,-2,4,0,0,-1,-8
71,62,75,0,80,2,-2,4,-2,10,-1,-9
72,69,76,1,80,9,7,4,5,5,1,-8
73,62,77,1,80,2,-7,4,-2,10,-1,-9
74,71,78,2,95,11,9,4,7,7,1,-8
75,69,80,1,80,9,-2,4,5,5,-1,-9
76,66,81,1,80,6,-3,4,2,2,-1,-10
77,67,82,1,105,7,1,4,3,3,1,-9
78,66,83,1,80,6,-1,4,2,2,-1,-10
79,64,84,1,80,4,-2,4,0,0,-1,-11
80,66,85,1,80,6,2,4,2,2,1,-10
81,67,86,1,95,7,1,4,3,3,1,-9
82,69,87,1,80,9,2,4,5,5,1,-8
83,71,88,1,80,11,2,4,7,7,1,-7
84,73,89,1,80,1,2,4,9,9,1,-6
85,74,90,1,105,2,1,4,10,10,1,-5
86,73,91,1,80,1,-1,4,9,9,-1,-6
87,74,92,1,80,2,1,4,10,10,1,-5
88,78,93,1,80,6,4,4,14,2,1,-4
89,76,94,1,95,4,-2,4,12,0,-1,-5
90,73,95,1,80,1,-3,4,9,9,-1,-6
91,74,96,1,80,2,1,4,10,10,1,-5
92,73,97,1,80,1,-1,4,9,9,-1,-6
93,71,98,1,105,11,-2,4,7,7,-1,-7
94,64,99,1,80,4,-7,4,0,0,-1,-8
95,64,100,2,80,4,0,4,0,0,0,-8
96,67,102,1,95,7,3,4,3,3,1,-7
97,71,103,1,80,11,4,4,7,7,1,-6
98,69,104,1,80,9,-2,4,5,5,-1,-7
99,67,105,1,80,7,-2,4,3,3,-1,-8
100,66,106,0,105,6,-1,4,2,2,-1,-9
101,64,106,0,80,4,-2,4,0,0,-1,-10
102,62,107,0,80,2,-2,4,-2,10,-1,-11
103,69,108,1,80,9,7,4,5,5,1,-10
104,62,109,1,80,2,-7,4,-2,10,-1,-11
105,71,110,1,95,11,9,4,7,7,1,-10
106,62,111,1,80,2,-9,4,-2,10,-1,-11
107,69,112,1,80,9,7,4,5,5,1,-10
108,66,113,1,80,6,-3,4,2,2,-1,-11
109,67,114,1,105,7,1,4,3,3,1,-10
110,66,115,1,80,6,-1,4,2,2,-1,-11
111,64,116,1,80,4,-2,4,0,0,-1,-12
112,66,117,1,80,6,2,4,2,2,1,-11
113,67,118,1,95,7,1,4,3,3,1,-10
114,69,119,1,80,9,2,4,5,5,1,-9
115,71,120,1,80,11,2,4,7,7,1,-8
116,72,121,1,80,0,1,4,8,8,1,-7
117,74,122,3,105,2,2,4,10,10,1,-6
118,74,125,1,80,2,0,4,10,10,0,-6
119,76,126,2,95,4,2,4,12,0,1,-5
120,76,128,1,80,4,0,4,12,0,0,-5
121,78,129,1,80,6,2,4,14,2,1,-4
122,79,130,2,105,7,1,4,15,3,1,-3
123,79,132,1,80,7,0,4,15,3,0,-3
124,78,133,1,80,6,-1,4,14,2,-1,-4
125,79,134,1,95,7,1,4,15,3,1,-3
126,83,135,1,80,11,4,4,19,7,1,-2
127,81,136,1,80,9,-2,4,17,5,-1,-3
128,79,137,1,80,7,-2,4,15,3,-1,-4
129,78,138,1,105,6,-1,4,14,2,-1,-5
130,74,139,1,80,2,-4,4,10,10,-1,-6
131,74,140,1,80,2,0,4,10,10,0,-6
132,73,141,1,80,1,-1,4,9,9,-1,-7
133,74,142,1,95,2,1,4,10,10,1,-6
134,78,143,1,80,6,4,4,14,2,1,-5
135,81,144,1,80,9,3,4,17,5,1,-4
136,78,145,1,80,6,-3,4,14,2,-1,-5
137,79,146,4,105,7,1,4,15,3,1,-4
138,79,150,1,95,7,0,4,15,3,0,-4
139,83,151,1,80,11,4,4,19,7,1,-3
140,83,152,1,80,11,0,4,19,7,0,-3
141,78,153,1,80,6,-5,4,14,2,-1,-4
142,79,154,1,105,7,1,4,15,3,1,-3
143,78,155,1,80,6,-1,4,14,2,-1,-4
144,76,156,1,80,4,-2,4,12,0,-1,-5
145,74,157,1,80,2,-2,4,10,10,-1,-6
146,71,158,0,95,11,-3,4,7,7,-1,-7
147,73,158,0,80,1,2,4,9,9,1,-6
148,74,159,0,80,2,1,4,10,10,1,-5
149,76,160,1,80,4,2,4,12,0,1,-4
150,78,161,1,80,6,2,4,14,2,1,-3
151,79,162,4,105,7,1,4,15,3,1,-2
152,79,166,1,95,7,0,4,15,3,0,-2
153,83,167,1,80,11,4,4,19,7,1,-1
154,81,168,1,80,9,-2,4,17,5,-1,-2
155,79,169,1,80,7,-2,4,15,3,-1,-3
156,78,170,1,105,6,-1,4,14,2,-1,-4
157,74,171,1,80,2,-4,4,10,10,-1,-5
158,74,172,1,80,2,0,4,10,10,0,-5
159,73,173,1,80,1,-1,4,9,9,-1,-6
160,74,174,1,95,2,1,4,10,10,1,-5
161,78,175,1,80,6,4,4,14,2,1,-4
162,81,176,1,80,9,3,4,17,5,1,-3
163,78,177,1,80,6,-3,4,14,2,-1,-4
164,83,178,0,105,11,5,4,19,7,1,-3
165,81,178,0,80,9,-2,4,17,5,-1,-4
166,79,179,0,80,7,-2,4,15,3,-1,-5
167,81,180,1,80,9,2,4,17,5,1,-4
168,78,181,1,80,6,-3,4,14,2,-1,-5
169,79,182,1,95,7,1,4,15,3,1,-4
170,78,183,1,80,6,-1,4,14,2,-1,-5
171,76,184,1,80,4,-2,4,12,0,-1,-6
172,74,185,1,80,2,-2,4,10,10,-1,-7
173,71,186,1,105,11,-3,4,7,7,-1,-8
174,79,187,1,80,7,8,4,15,3,1,-7
175,78,188,1,80,6,-1,4,14,2,-1,-8
176,79,189,1,80,7,1,4,15,3,1,-7
177,76,190,2,95,4,-3,4,12,0,-1,-8
178,76,192,1,80,4,0,4,12,0,0,-8
179,78,193,1,80,6,2,4,14,2,1,-7
180,79,194,2,105,7,1,4,15,3,1,-6
181,79,196,1,80,7,0,4,15,3,0,-6
182,78,197,1,80,6,-1,4,14,2,-1,-7
183,79,198,1,95,7,1,4,15,3,1,-6
184,83,199,1,80,11,4,4,19,7,1,-5
185,81,200,1,80,9,-2,4,17,5,-1,-6
186,79,201,1,80,7,-2,4,15,3,-1,-7
187,78,202,1,105,6,-1,4,14,2,-1,-8
188,74,203,1,80,2,-4,4,10,10,-1,-9
189,74,204,1,80,2,0,4,10,10,0,-9
190,73,205,1,80,1,-1,4,9,9,-1,-10
191,74,206,1,95,2,1,4,10,10,1,-9
192,78,207,1,80,6,4,4,14,2,1,-8
193,81,208,1,80,9,3,4,17,5,1,-7
194,78,209,1,80,6,-3,4,14,2,-1,-8
195,79,210,4,105,7,1,4,15,3,1,-7
196,79,214,1,95,7,0,4,15,3,0,-7
197,83,215,1,80,11,4,4,19,7,1,-6
198,83,216,1,80,11,0,4,19,7,0,-6
199,78,217,1,80,6,-5,4,14,2,-1,-7
200,79,218,1,105,7,1,4,15,3,1,-6
201,78,219,1,80,6,-1,4,14,2,-1,-7
202,76,220,1,80,4,-2,4,12,0,-1,-8
203,74,221,1,80,2,-2,4,10,10,-1,-9
204,71,222,0,95,11,-3,4,7,7,-1,-10
205,73,222,0,80,1,2,4,9,9,1,-9
206,74,223,0,80,2,1,4,10,10,1,-8
207,76,224,1,80,4,2,4,12,0,1,-7
208,78,225,1,80,6,2,4,14,2,1,-6
209,79,226,4,105,7,1,4,15,3,1,-5
210,79,230,1,95,7,0,4,15,3,0,-5
211,83,231,1,80,11,4,4,19,7,1,-4
212,81,232,1,80,9,-2,4,17,5,-1,-5
213,79,233,1,80,7,-2,4,15,3,-1,-6
214,78,234,1,105,6,-1,4,14,2,-1,-7
215,74,235,1,80,2,-4,4,10,10,-1,-8
216,74,236,1,80,2,0,4,10,10,0,-8
217,73,237,1,80,1,-1,4,9,9,-1,-9
218,74,238,1,95,2,1,4,10,10,1,-8
219,78,239,1,80,6,4,4,14,2,1,-7
220,81,240,1,80,9,3,4,17,5,1,-6
221,78,241,1,80,6,-3,4,14,2,-1,-7
222,83,242,0,105,11,5,4,19,7,1,-6
223,81,242,0,80,9,-2,4,17,5,-1,-7
224,79,243,0,80,7,-2,4,15,3,-1,-8
225,81,244,1,80,9,2,4,17,5,1,-7
226,78,245,1,80,6,-3,4,14,2,-1,-8
227,79,246,1,95,7,1,4,15,3,1,-7
228,78,247,1,80,6,-1,4,14,2,-1,-8
229,76,248,1,80,4,-2,4,12,0,-1,-9
230,74,249,1,80,2,-2,4,10,10,-1,-10
231,71,250,1,105,11,-3,4,7,7,-1,-11
232,79,251,1,80,7,8,4,15,3,1,-10
233,78,252,1,80,6,-1,4,14,2,-1,-11
234,79,253,1,80,7,1,4,15,3,1,-10
235,76,254,2,95,4,-3,4,12,0,-1,-11
