,midi_note,onset,duration,velocity,pitch_class,interval,root,relative_pitch,relative_pitch_class,parsons_code,parsons_cumsum
0,71,0,1,105,11,0,7,4,4,0,0
1,72,1,0,80,0,1,7,5,5,1,1
2,74,2,1,105,2,2,7,7,7,1,2
3,71,3,0,80,11,-3,7,4,4,-1,1
4,72,4,1,80,0,1,7,5,5,1,2
5,69,5,0,80,9,-3,7,2,2,-1,1
6,67,6,1,95,7,-2,7,0,0,-1,0
7,71,7,0,80,11,4,7,4,4,1,1
8,74,8,1,80,2,3,7,7,7,1,2
9,71,9,0,80,11,-3,7,4,4,-1,1
10,69,10,1,105,9,-2,7,2,2,-1,0
11,62,11,0,80,2,-7,7,-5,7,-1,-1
12,66,12,1,80,6,4,7,-1,11,1,0
13,64,13,0,80,4,-2,7,-3,9,-1,-1
14,62,14,1,95,2,-2,7,-5,7,-1,-2
15,66,15,0,80,6,4,7,-1,11,1,-1
16,69,16,1,80,9,3,7,2,2,1,0
17,66,17,0,80,6,-3,7,-1,11,-1,-1
18,67,18,2,105,7,1,7,0,0,1,0
19,67,20,1,80,7,0,7,0,0,0,0
20,66,21,0,80,6,-1,7,-1,11,-1,-1
21,67,22,1,95,7,1,7,0,0,1,0
22,71,23,0,80,11,4,7,4,4,1,1
23,74,24,1,80,2,3,7,7,7,1,2
24,71,25,0,80,11,-3,7,4,4,-1,1
25,69,26,2,105,9,-2,7,2,2,-1,0
26,69,28,1,80,9,0,7,2,2,0,0
27,67,29,0,80,7,-2,7,0,0,-1,-1
28,69,30,1,95,9,2,7,2,2,1,0
29,76,31,0,80,4,7,7,9,9,1,1
30,78,32,1,80,6,2,7,11,11,1,2
31,76,33,0,80,4,-2,7,9,9,-1,1
32,74,34,1,105,2,-2,7,7,7,-1,0
33,71,35,0,80,11,-3,7,4,4,-1,-1
34,72,36,1,80,0,1,7,5,5,1,0
35,69,37,0,80,9,-3,7,2,2,-1,-1
36,67,38,1,95,7,-2,7,0,0,-1,-2
37,71,39,0,80,11,4,7,4,4,1,-1
38,74,40,1,80,2,3,7,7,7,1,0
39,71,41,0,80,11,-3,7,4,4,-1,-1
40,69,42,1,105,9,-2,7,2,2,-1,-2
41,62,43,0,80,2,-7,7,-5,7,-1,-3
42,66,44,1,80,6,4,7,-1,11,1,-2
43,64,45,0,80,4,-2,7,-3,9,-1,-3
44,62,46,1,95,2,-2,7,-5,7,-1,-4
45,66,47,0,80,6,4,7,-1,11,1,-3
46,69,48,1,80,9,3,7,2,2,1,-2
47,78,49,0,80,6,9,7,11,11,1,-1
48,79,50,2,105,7,1,7,12,0,1,0
49,78,52,1,80,6,-1,7,11,11,-1,-1
50,79,53,0,80,7,1,7,12,0,1,0
51,76,54,1,95,4,-3,7,9,9,-1,-1
52,72,55,0,80,0,-4,7,5,5,-1,-2
53,69,56,1,80,9,-3,7,2,2,-1,-3
54,66,57,0,80,6,-3,7,-1,11,-1,-4
55,67,58,2,105,7,1,7,0,0,1,-3
56,67,60,1,80,7,0,7,0,0,0,-3
57,67,61,0,80,7,0,7,0,0,0,-3
58,67,62,2,95,7,0,7,0,0,0,-3
59,71,64,1,80,11,4,7,4,4,1,-2
60,72,65,0,80,0,1,7,5,5,1,-1
61,74,66,1,105,2,2,7,7,7,1,0
62,71,67,0,80,11,-3,7,4,4,-1,-1
63,72,68,1,80,0,1,7,5,5,1,0
64,69,69,0,80,9,-3,7,2,2,-1,-1
65,67,70,1,95,7,-2,7,0,0,-1,-2
66,71,71,0,80,11,4,7,4,4,1,-1
67,74,72,1,80,2,3,7,7,7,1,0
68,71,73,0,80,11,-3,7,4,4,-1,-1
69,69,74,1,105,9,-2,7,2,2,-1,-2
70,62,75,0,80,2,-7,7,-5,7,-1,-3
71,66,76,1,80,6,4,7,-1,11,1,-2
72,64,77,0,80,4,-2,7,-3,9,-1,-3
73,62,78,1,95,2,-2,7,-5,7,-1,-4
74,66,79,0,80,6,4,7,-1,11,1,-3
75,69,80,1,80,9,3,7,2,2,1,-2
76,66,81,0,80,6,-3,7,-1,11,-1,-3
77,67,82,2,105,7,1,7,0,0,1,-2
78,67,84,1,80,7,0,7,0,0,0,-2
79,66,85,0,80,6,-1,7,-1,11,-1,-3
80,67,86,1,95,7,1,7,0,0,1,-2
81,71,87,0,80,11,4,7,4,4,1,-1
82,74,88,1,80,2,3,7,7,7,1,0
83,71,89,0,80,11,-3,7,4,4,-1,-1
84,69,90,2,105,9,-2,7,2,2,-1,-2
85,69,92,1,80,9,0,7,2,2,0,-2
86,67,93,0,80,7,-2,7,0,0,-1,-3
87,69,94,1,95,9,2,7,2,2,1,-2
88,76,95,0,80,4,7,7,9,9,1,-1
89,78,96,1,80,6,2,7,11,11,1,0
90,76,97,0,80,4,-2,7,9,9,-1,-1
91,74,98,1,105,2,-2,7,7,7,-1,-2
92,71,99,0,80,11,-3,7,4,4,-1,-3
93,72,100,1,80,0,1,7,5,5,1,-2
94,69,101,0,80,9,-3,7,2,2,-1,-3
95,67,102,1,95,7,-2,7,0,0,-1,-4
96,71,103,0,80,11,4,7,4,4,1,-3
97,74,104,1,80,2,3,7,7,7,1,-2
98,71,105,0,80,11,-3,7,4,4,-1,-3
99,69,106,1,105,9,-2,7,2,2,-1,-4
100,62,107,0,80,2,-7,7,-5,7,-1,-5
101,66,108,1,80,6,4,7,-1,11,1,-4
102,64,109,0,80,4,-2,7,-3,9,-1,-5
103,62,110,1,95,2,-2,7,-5,7,-1,-6
104,66,111,0,80,6,4,7,-1,11,1,-5
105,69,112,1,80,9,3,7,2,2,1,-4
106,78,113,0,80,6,9,7,11,11,1,-3
107,79,114,2,105,7,1,7,12,0,1,-2
108,78,116,1,80,6,-1,7,11,11,-1,-3
109,79,117,0,80,7,1,7,12,0,1,-2
110,76,118,1,95,4,-3,7,9,9,-1,-3
111,72,119,0,80,0,-4,7,5,5,-1,-4
112,69,120,1,80,9,-3,7,2,2,-1,-5
113,66,121,0,80,6,-3,7,-1,11,-1,-6
114,67,122,2,105,7,1,7,0,0,1,-5
115,67,124,1,80,7,0,7,0,0,0,-5
116,67,125,0,80,7,0,7,0,0,0,-5
117,67,126,2,95,7,0,7,0,0,0,-5
118,71,128,1,80,11,4,7,4,4,1,-4
119,72,129,0,80,0,1,7,5,5,1,-3
120,74,130,1,105,2,2,7,7,7,1,-2
121,79,131,0,80,7,5,7,12,0,1,-1
122,79,132,2,80,7,0,7,12,0,0,-1
123,74,134,1,95,2,-5,7,7,7,-1,-2
124,79,135,0,80,7,5,7,12,0,1,-1
125,79,136,2,80,7,0,7,12,0,0,-1
126,74,138,1,105,2,-5,7,7,7,-1,-2
127,79,139,0,80,7,5,7,12,0,1,-1
128,78,140,1,80,6,-1,7,11,11,-1,-2
129,79,141,0,80,7,1,7,12,0,1,-1
130,78,142,1,95,6,-1,7,11,11,-1,-2
131,74,143,0,80,2,-4,7,7,7,-1,-3
132,72,144,1,80,0,-2,7,5,5,-1,-4
133,74,145,0,80,2,2,7,7,7,1,-3
134,76,146,1,105,4,2,7,9,9,1,-2
135,76,147,0,80,4,0,7,9,9,0,-2
136,81,148,1,80,9,5,7,14,2,1,-1
137,78,149,0,80,6,-3,7,11,11,-1,-2
138,79,150,1,95,7,1,7,12,0,1,-1
139,78,151,0,80,6,-1,7,11,11,-1,-2
140,76,152,1,80,4,-2,7,9,9,-1,-3
141,74,153,0,80,2,-2,7,7,7,-1,-4
142,72,154,1,105,0,-2,7,5,5,-1,-5
143,74,155,0,80,2,2,7,7,7,1,-4
144,76,156,1,80,4,2,7,9,9,1,-3
145,78,157,0,80,6,2,7,11,11,1,-2
146,79,158,1,95,7,1,7,12,0,1,-1
147,78,159,0,80,6,-1,7,11,11,-1,-2
148,79,160,1,80,7,1,7,12,0,1,-1
149,76,161,0,80,4,-3,7,9,9,-1,-2
150,74,162,1,105,2,-2,7,7,7,-1,-3
151,71,163,0,80,11,-3,7,4,4,-1,-4
152,72,164,1,80,0,1,7,5,5,1,-3
153,69,165,0,80,9,-3,7,2,2,-1,-4
154,67,166,1,95,7,-2,7,0,0,-1,-5
155,71,167,0,80,11,4,7,4,4,1,-4
156,74,168,1,80,2,3,7,7,7,1,-3
157,71,169,0,80,11,-3,7,4,4,-1,-4
158,69,170,1,105,9,-2,7,2,2,-1,-5
159,62,171,0,80,2,-7,7,-5,7,-1,-6
160,66,172,1,80,6,4,7,-1,11,1,-5
161,64,173,0,80,4,-2,7,-3,9,-1,-6
162,62,174,1,95,2,-2,7,-5,7,-1,-7
163,66,175,0,80,6,4,7,-1,11,1,-6
164,69,176,1,80,9,3,7,2,2,1,-5
165,78,177,0,80,6,9,7,11,11,1,-4
166,79,178,2,105,7,1,7,12,0,1,-3
167,78,180,1,80,6,-1,7,11,11,-1,-4
168,79,181,0,80,7,1,7,12,0,1,-3
169,76,182,1,95,4,-3,7,9,9,-1,-4
170,72,183,0,80,0,-4,7,5,5,-1,-5
171,69,184,1,80,9,-3,7,2,2,-1,-6
172,66,185,0,80,6,-3,7,-1,11,-1,-7
173,67,186,2,105,7,1,7,0,0,1,-6
174,67,188,1,80,7,0,7,0,0,0,-6
175,67,189,0,80,7,0,7,0,0,0,-6
176,67,190,2,95,7,0,7,0,0,0,-6
177,71,192,1,80,11,4,7,4,4,1,-5
178,72,193,0,80,0,1,7,5,5,1,-4
179,74,194,1,105,2,2,7,7,7,1,-3
180,79,195,0,80,7,5,7,12,0,1,-2
181,79,196,2,80,7,0,7,12,0,0,-2
182,74,198,1,95,2,-5,7,7,7,-1,-3
183,79,199,0,80,7,5,7,12,0,1,-2
184,79,200,2,80,7,0,7,12,0,0,-2
185,74,202,1,105,2,-5,7,7,7,-1,-3
186,79,203,0,80,7,5,7,12,0,1,-2
187,78,204,1,80,6,-1,7,11,11,-1,-3
188,79,205,0,80,7,1,7,12,0,1,-2
189,78,206,1,95,6,-1,7,11,11,-1,-3
190,74,207,0,80,2,-4,7,7,7,-1,-4
191,72,208,1,80,0,-2,7,5,5,-1,-5
192,74,209,0,80,2,2,7,7,7,1,-4
193,76,210,1,105,4,2,7,9,9,1,-3
194,76,211,0,80,4,0,7,9,9,0,-3
195,81,212,1,80,9,5,7,14,2,1,-2
196,78,213,0,80,6,-3,7,11,11,-1,-3
197,79,214,1,95,7,1,7,12,0,1,-2
198,78,215,0,80,6,-1,7,11,11,-1,-3
199,76,216,1,80,4,-2,7,9,9,-1,-4
200,74,217,0,80,2,-2,7,7,7,-1,-5
201,72,218,1,105,0,-2,7,5,5,-1,-6
202,74,219,0,80,2,2,7,7,7,1,-5
203,76,220,1,80,4,2,7,9,9,1,-4
204,78,221,0,80,6,2,7,11,11,1,-3
205,79,222,1,95,7,1,7,12,0,1,-2
206,78,223,0,80,6,-1,7,11,11,-1,-3
207,79,224,1,80,7,1,7,12,0,1,-2
208,76,225,0,80,4,-3,7,9,9,-1,-3
209,74,226,1,105,2,-2,7,7,7,-1,-4
210,71,227,0,80,11,-3,7,4,4,-1,-5
211,72,228,1,80,0,1,7,5,5,1,-4
212,69,229,0,80,9,-3,7,2,2,-1,-5
213,67,230,1,95,7,-2,7,0,0,-1,-6
214,71,231,0,80,11,4,7,4,4,1,-5
215,74,232,1,80,2,3,7,7,7,1,-4
216,71,233,0,80,11,-3,7,4,4,-1,-5
217,69,234,1,105,9,-2,7,2,2,-1,-6
218,62,235,0,80,2,-7,7,-5,7,-1,-7
219,66,236,1,80,6,4,7,-1,11,1,-6
220,64,237,0,80,4,-2,7,-3,9,-1,-7
221,62,238,1,95,2,-2,7,-5,7,-1,-8
222,66,239,0,80,6,4,7,-1,11,1,-7
223,69,240,1,80,9,3,7,2,2,1,-6
224,78,241,0,80,6,9,7,11,11,1,-5
225,79,242,2,105,7,1,7,12,0,1,-4
226,78,244,1,80,6,-1,7,11,11,-1,-5
227,79,245,0,80,7,1,7,12,0,1,-4
228,76,246,1,95,4,-3,7,9,9,-1,-5
229,72,247,0,80,0,-4,7,5,5,-1,-6
230,69,248,1,80,9,-3,7,2,2,-1,-7
231,66,249,0,80,6,-3,7,-1,11,-1,-8
232,67,250,2,105,7,1,7,0,0,1,-7
233,67,252,1,80,7,0,7,0,0,0,-7
234,67,253,0,80,7,0,7,0,0,0,-7
235,67,254,2,95,7,0,7,0,0,0,-7
