,midi_note,onset,duration,velocity,pitch_class,interval,root,relative_pitch,relative_pitch_class,parsons_code,parsons_cumsum
0,64,0,1,105,4,0,4,0,0,0,0
1,62,1,1,80,2,-2,4,-2,10,-1,-1
2,64,2,1,80,4,2,4,0,0,1,0
3,71,3,1,80,11,7,4,7,7,1,1
4,71,4,1,95,11,0,4,7,7,0,1
5,69,5,1,80,9,-2,4,5,5,-1,0
6,71,6,1,80,11,2,4,7,7,1,1
7,64,7,1,80,4,-7,4,0,0,-1,0
8,64,8,1,105,4,0,4,0,0,0,0
9,62,9,1,80,2,-2,4,-2,10,-1,-1
10,64,10,1,80,4,2,4,0,0,1,0
11,67,11,1,80,7,3,4,3,3,1,1
12,66,12,1,95,6,-1,4,2,2,-1,0
13,62,13,1,80,2,-4,4,-2,10,-1,-1
14,62,14,1,80,2,0,4,-2,10,0,-1
15,66,15,1,80,6,4,4,2,2,1,0
16,64,16,1,105,4,-2,4,0,0,-1,-1
17,62,17,1,80,2,-2,4,-2,10,-1,-2
18,64,18,1,80,4,2,4,0,0,1,-1
19,71,19,1,80,11,7,4,7,7,1,0
20,71,20,1,95,11,0,4,7,7,0,0
21,69,21,1,80,9,-2,4,5,5,-1,-1
22,71,22,1,80,11,2,4,7,7,1,0
23,74,23,1,80,2,3,4,10,10,1,1
24,76,24,1,105,4,2,4,12,0,1,2
25,79,25,1,80,7,3,4,15,3,1,3
26,78,26,1,80,6,-1,4,14,2,-1,2
27,76,27,1,80,4,-2,4,12,0,-1,1
28,74,28,1,95,2,-2,4,10,10,-1,0
29,71,29,1,80,11,-3,4,7,7,-1,-1
30,69,30,1,80,9,-2,4,5,5,-1,-2
31,66,31,1,80,6,-3,4,2,2,-1,-3
32,64,32,1,105,4,-2,4,0,0,-1,-4
33,62,33,1,80,2,-2,4,-2,10,-1,-5
34,64,34,1,80,4,2,4,0,0,1,-4
35,71,35,1,80,11,7,4,7,7,1,-3
36,71,36,1,95,11,0,4,7,7,0,-3
37,69,37,1,80,9,-2,4,5,5,-1,-4
38,71,38,1,80,11,2,4,7,7,1,-3
39,64,39,1,80,4,-7,4,0,0,-1,-4
40,64,40,1,105,4,0,4,0,0,0,-4
41,62,41,1,80,2,-2,4,-2,10,-1,-5
42,64,42,1,80,4,2,4,0,0,1,-4
43,67,43,1,80,7,3,4,3,3,1,-3
44,66,44,1,95,6,-1,4,2,2,-1,-4
45,62,45,1,80,2,-4,4,-2,10,-1,-5
46,62,46,1,80,2,0,4,-2,10,0,-5
47,66,47,1,80,6,4,4,2,2,1,-4
48,64,48,1,105,4,-2,4,0,0,-1,-5
49,62,49,1,80,2,-2,4,-2,10,-1,-6
50,64,50,1,80,4,2,4,0,0,1,-5
51,71,51,1,80,11,7,4,7,7,1,-4
52,71,52,1,95,11,0,4,7,7,0,-4
53,69,53,1,80,9,-2,4,5,5,-1,-5
54,71,54,1,80,11,2,4,7,7,1,-4
55,74,55,1,80,2,3,4,10,10,1,-3
56,76,56,1,105,4,2,4,12,0,1,-2
57,79,57,1,80,7,3,4,15,3,1,-1
58,78,58,1,80,6,-1,4,14,2,-1,-2
59,76,59,1,80,4,-2,4,12,0,-1,-3
60,74,60,1,95,2,-2,4,10,10,-1,-4
61,71,61,1,80,11,-3,4,7,7,-1,-5
62,69,62,1,80,9,-2,4,5,5,-1,-6
63,71,63,1,80,11,2,4,7,7,1,-5
64,71,64,1,105,11,0,4,7,7,0,-5
65,76,65,1,80,4,5,4,12,0,1,-4
66,76,66,1,80,4,0,4,12,0,0,-4
67,74,67,1,80,2,-2,4,10,10,-1,-5
68,76,68,1,95,4,2,4,12,0,1,-4
69,78,69,1,80,6,2,4,14,2,1,-3
70,79,70,1,80,7,1,4,15,3,1,-2
71,76,71,1,80,4,-3,4,12,0,-1,-3
72,78,72,2,105,6,2,4,14,2,1,-2
73,74,74,1,80,2,-4,4,10,10,-1,-3
74,78,75,1,80,6,4,4,14,2,1,-2
75,81,76,1,95,9,3,4,17,5,1,-1
76,78,77,1,80,6,-3,4,14,2,-1,-2
77,74,78,1,80,2,-4,4,10,10,-1,-3
78,78,79,1,80,6,4,4,14,2,1,-2
79,79,80,1,105,7,1,4,15,3,1,-1
80,83,81,1,80,11,4,4,19,7,1,0
81,81,82,1,80,9,-2,4,17,5,-1,-1
82,79,83,1,80,7,-2,4,15,3,-1,-2
83,78,84,1,95,6,-1,4,14,2,-1,-3
84,81,85,1,80,9,3,4,17,5,1,-2
85,79,86,1,80,7,-2,4,15,3,-1,-3
86,78,87,1,80,6,-1,4,14,2,-1,-4
87,76,88,1,105,4,-2,4,12,0,-1,-5
88,79,89,1,80,7,3,4,15,3,1,-4
89,78,90,1,80,6,-1,4,14,2,-1,-5
90,76,91,1,80,4,-2,4,12,0,-1,-6
91,74,92,1,95,2,-2,4,10,10,-1,-7
92,71,93,1,80,11,-3,4,7,7,-1,-8
93,71,94,1,80,11,0,4,7,7,0,-8
94,69,95,1,80,9,-2,4,5,5,-1,-9
95,71,96,1,105,11,2,4,7,7,1,-8
96,76,97,1,80,4,5,4,12,0,1,-7
97,76,98,1,80,4,0,4,12,0,0,-7
98,74,99,1,80,2,-2,4,10,10,-1,-8
99,76,100,1,95,4,2,4,12,0,1,-7
100,78,101,1,80,6,2,4,14,2,1,-6
101,79,102,1,80,7,1,4,15,3,1,-5
102,76,103,1,80,4,-3,4,12,0,-1,-6
103,78,104,2,105,6,2,4,14,2,1,-5
104,74,106,1,80,2,-4,4,10,10,-1,-6
105,78,107,1,80,6,4,4,14,2,1,-5
106,81,108,1,95,9,3,4,17,5,1,-4
107,78,109,1,80,6,-3,4,14,2,-1,-5
108,74,110,1,80,2,-4,4,10,10,-1,-6
109,78,111,1,80,6,4,4,14,2,1,-5
110,79,112,1,105,7,1,4,15,3,1,-4
111,83,113,1,80,11,4,4,19,7,1,-3
112,81,114,1,80,9,-2,4,17,5,-1,-4
113,79,115,1,80,7,-2,4,15,3,-1,-5
114,78,116,1,95,6,-1,4,14,2,-1,-6
115,81,117,1,80,9,3,4,17,5,1,-5
116,79,118,1,80,7,-2,4,15,3,-1,-6
117,78,119,1,80,6,-1,4,14,2,-1,-7
118,76,120,1,105,4,-2,4,12,0,-1,-8
119,79,121,1,80,7,3,4,15,3,1,-7
120,78,122,1,80,6,-1,4,14,2,-1,-8
121,76,123,1,80,4,-2,4,12,0,-1,-9
122,74,124,1,95,2,-2,4,10,10,-1,-10
123,71,125,1,80,11,-3,4,7,7,-1,-11
124,69,126,1,80,9,-2,4,5,5,-1,-12
125,66,127,1,80,6,-3,4,2,2,-1,-13
