eighth_note,midi_note_num,diatonic_note_num,chromatic_pitch_class,beat_strength,bar_num,velocity,relative_chromatic_pitch,relative_diatonic_pitch,chromatic_scale_degree,diatonic_scale_degree,chromatic_interval,diatonic_interval,parsons_code,parsons_cumsum
0,74,37,2,0,0,0,7,4,7,5,0,0,0,0
1,74,37,2,1,1,0,7,4,7,5,0,0,0,0
2,74,37,2,0,1,0,7,4,7,5,0,0,0,0
3,74,37,2,0,1,0,7,4,7,5,0,0,0,0
4,74,37,2,0,1,0,7,4,7,5,0,0,0,0
5,74,37,2,0,1,0,7,4,7,5,0,0,0,0
6,74,37,2,0,1,0,7,4,7,5,0,0,0,0
7,76,38,4,1,2,0,9,5,9,6,2,1,1,1
8,76,38,4,0,2,0,9,5,9,6,0,0,0,1
9,76,38,4,0,2,0,9,5,9,6,0,0,0,1
10,74,37,2,0,2,0,7,4,7,5,-2,-1,-1,0
11,79,40,7,0,2,0,12,7,0,1,5,3,1,1
12,79,40,7,0,2,0,12,7,0,1,5,3,1,1
13,78,39,6,1,3,0,11,6,11,7,-1,-1,-1,0
14,78,39,6,0,3,0,11,6,11,7,0,0,0,0
15,78,39,6,0,3,0,11,6,11,7,0,0,0,0
16,76,38,4,0,3,0,9,5,9,6,-2,-1,-1,-1
17,76,38,4,0,3,0,9,5,9,6,0,0,0,-1
18,76,38,4,0,3,0,9,5,9,6,0,0,0,-1
19,74,37,2,1,4,0,7,4,7,5,-2,-1,-1,-2
20,74,37,2,0,4,0,7,4,7,5,0,0,0,-2
21,74,37,2,0,4,0,7,4,7,5,0,0,0,-2
22,74,37,2,0,4,0,7,4,7,5,0,0,0,-2
23,74,37,2,0,4,0,7,4,7,5,0,0,0,-2
24,74,37,2,0,4,0,7,4,7,5,0,0,0,-2
25,74,37,2,1,5,0,7,4,7,5,0,0,0,-2
26,74,37,2,0,5,0,7,4,7,5,0,0,0,-2
27,74,37,2,0,5,0,7,4,7,5,0,0,0,-2
28,74,37,2,0,5,0,7,4,7,5,0,0,0,-2
29,74,37,2,0,5,0,7,4,7,5,0,0,0,-2
30,74,37,2,0,5,0,7,4,7,5,0,0,0,-2
31,76,38,4,1,6,0,9,5,9,6,2,1,1,-1
32,76,38,4,0,6,0,9,5,9,6,0,0,0,-1
33,76,38,4,0,6,0,9,5,9,6,0,0,0,-1
34,74,37,2,0,6,0,7,4,7,5,-2,-1,-1,-2
35,79,40,7,0,6,0,12,7,0,1,5,3,1,-1
36,79,40,7,0,6,0,12,7,0,1,5,3,1,-1
37,78,39,6,1,7,0,11,6,11,7,-1,-1,-1,-2
38,78,39,6,0,7,0,11,6,11,7,0,0,0,-2
39,78,39,6,0,7,0,11,6,11,7,0,0,0,-2
40,76,38,4,0,7,0,9,5,9,6,-2,-1,-1,-3
41,76,38,4,0,7,0,9,5,9,6,0,0,0,-3
42,76,38,4,0,7,0,9,5,9,6,0,0,0,-3
43,74,37,2,1,8,0,7,4,7,5,-2,-1,-1,-4
44,74,37,2,0,8,0,7,4,7,5,0,0,0,-4
45,74,37,2,0,8,0,7,4,7,5,0,0,0,-4
46,74,37,2,0,8,0,7,4,7,5,0,0,0,-4
47,74,37,2,0,8,0,7,4,7,5,0,0,0,-4
48,74,37,2,0,8,0,7,4,7,5,0,0,0,-4
49,81,41,9,1,9,0,14,8,2,2,7,4,1,-3
50,81,41,9,0,9,0,14,8,2,2,0,0,0,-3
51,81,41,9,0,9,0,14,8,2,2,0,0,0,-3
52,81,41,9,0,9,0,14,8,2,2,0,0,0,-3
53,83,42,11,0,9,0,16,9,4,3,2,1,1,-2
54,83,42,11,0,9,0,16,9,4,3,2,1,1,-2
55,81,41,9,1,10,0,14,8,2,2,-2,-1,-1,-3
56,74,37,2,0,10,0,7,4,7,5,-7,-4,-1,-4
57,74,37,2,0,10,0,7,4,7,5,-7,-4,-1,-4
58,74,37,2,0,10,0,7,4,7,5,-7,-4,-1,-4
59,74,37,2,0,10,0,7,4,7,5,0,0,0,-4
60,74,37,2,0,10,0,7,4,7,5,0,0,0,-4
61,79,40,7,1,11,0,12,7,0,1,5,3,1,-3
62,78,39,6,0,11,0,11,6,11,7,-1,-1,-1,-4
63,78,39,6,0,11,0,11,6,11,7,-1,-1,-1,-4
64,79,40,7,0,11,0,12,7,0,1,1,1,1,-3
65,81,41,9,0,11,0,14,8,2,2,2,1,1,-2
66,81,41,9,0,11,0,14,8,2,2,2,1,1,-2
67,83,42,11,1,12,0,16,9,4,3,2,1,1,-1
68,83,42,11,0,12,0,16,9,4,3,0,0,0,-1
69,83,42,11,0,12,0,16,9,4,3,0,0,0,-1
70,83,42,11,0,12,0,16,9,4,3,0,0,0,-1
71,83,42,11,0,12,0,16,9,4,3,0,0,0,-1
72,83,42,11,0,12,0,16,9,4,3,0,0,0,-1
73,81,41,9,1,13,0,14,8,2,2,-2,-1,-1,-2
74,80,40,8,0,13,0,13,7,1,1,-1,-1,-1,-3
75,80,40,8,0,13,0,13,7,1,1,-1,-1,-1,-3
76,81,41,9,0,13,0,14,8,2,2,1,1,1,-2
77,83,42,11,0,13,0,16,9,4,3,2,1,1,-1
78,83,42,11,0,13,0,16,9,4,3,2,1,1,-1
79,81,41,9,1,14,0,14,8,2,2,-2,-1,-1,-2
80,74,37,2,0,14,0,7,4,7,5,-7,-4,-1,-3
81,74,37,2,0,14,0,7,4,7,5,-7,-4,-1,-3
82,74,37,2,0,14,0,7,4,7,5,-7,-4,-1,-3
83,76,38,4,0,14,0,9,5,9,6,2,1,1,-2
84,76,38,4,0,14,0,9,5,9,6,2,1,1,-2
85,78,39,6,1,15,0,11,6,11,7,2,1,1,-1
86,78,39,6,0,15,0,11,6,11,7,0,0,0,-1
87,78,39,6,0,15,0,11,6,11,7,0,0,0,-1
88,78,39,6,0,15,0,11,6,11,7,0,0,0,-1
89,78,39,6,0,15,0,11,6,11,7,0,0,0,-1
90,78,39,6,0,15,0,11,6,11,7,0,0,0,-1
91,76,38,4,1,16,0,9,5,9,6,-2,-1,-1,-2
92,76,38,4,0,16,0,9,5,9,6,0,0,0,-2
93,76,38,4,0,16,0,9,5,9,6,0,0,0,-2
94,76,38,4,0,16,0,9,5,9,6,0,0,0,-2
95,76,38,4,0,16,0,9,5,9,6,0,0,0,-2
96,76,38,4,0,16,0,9,5,9,6,0,0,0,-2
97,74,37,2,1,17,0,7,4,7,5,-2,-1,-1,-3
98,71,35,11,0,17,0,4,2,4,3,-3,-2,-1,-4
99,71,35,11,0,17,0,4,2,4,3,-3,-2,-1,-4
100,71,35,11,0,17,0,4,2,4,3,-3,-2,-1,-4
101,72,36,0,0,17,0,5,3,5,4,1,1,1,-3
102,72,36,0,0,17,0,5,3,5,4,1,1,1,-3
103,74,37,2,1,18,0,7,4,7,5,2,1,1,-2
104,74,37,2,0,18,0,7,4,7,5,0,0,0,-2
105,74,37,2,0,18,0,7,4,7,5,0,0,0,-2
106,74,37,2,0,18,0,7,4,7,5,0,0,0,-2
107,76,38,4,0,18,0,9,5,9,6,2,1,1,-1
108,76,38,4,0,18,0,9,5,9,6,2,1,1,-1
109,74,37,2,1,19,0,7,4,7,5,-2,-1,-1,-2
110,79,40,7,0,19,0,12,7,0,1,5,3,1,-1
111,79,40,7,0,19,0,12,7,0,1,5,3,1,-1
112,79,40,7,0,19,0,12,7,0,1,5,3,1,-1
113,81,41,9,0,19,0,14,8,2,2,2,1,1,0
114,81,41,9,0,19,0,14,8,2,2,2,1,1,0
115,83,42,11,1,20,0,16,9,4,3,2,1,1,1
116,81,41,9,0,20,0,14,8,2,2,-2,-1,-1,0
117,81,41,9,0,20,0,14,8,2,2,-2,-1,-1,0
118,79,40,7,0,20,0,12,7,0,1,-2,-1,-1,-1
119,79,40,7,0,20,0,12,7,0,1,0,0,0,-1
120,79,40,7,0,20,0,12,7,0,1,0,0,0,-1
121,78,39,6,1,21,0,11,6,11,7,-1,-1,-1,-2
122,76,38,4,0,21,0,9,5,9,6,-2,-1,-1,-3
123,76,38,4,0,21,0,9,5,9,6,-2,-1,-1,-3
124,76,38,4,0,21,0,9,5,9,6,-2,-1,-1,-3
125,76,38,4,0,22,0,9,5,9,6,0,0,0,-3
126,76,38,4,0,22,0,9,5,9,6,0,0,0,-3
127,76,38,4,0,22,0,9,5,9,6,0,0,0,-3
128,76,38,4,0,22,0,9,5,9,6,0,0,0,-3
129,76,38,4,0,22,0,9,5,9,6,0,0,0,-3
130,78,39,6,0,22,0,11,6,11,7,2,1,1,-2
131,76,38,4,0,22,0,9,5,9,6,-2,-1,-1,-3
132,76,38,4,0,22,0,9,5,9,6,-2,-1,-1,-3
133,74,37,2,1,23,0,7,4,7,5,-2,-1,-1,-4
134,79,40,7,0,23,0,12,7,0,1,5,3,1,-3
135,79,40,7,0,23,0,12,7,0,1,5,3,1,-3
136,79,40,7,0,23,0,12,7,0,1,5,3,1,-3
137,81,41,9,0,23,0,14,8,2,2,2,1,1,-2
138,81,41,9,0,23,0,14,8,2,2,2,1,1,-2
139,83,42,11,1,24,0,16,9,4,3,2,1,1,-1
140,81,41,9,0,24,0,14,8,2,2,-2,-1,-1,-2
141,81,41,9,0,24,0,14,8,2,2,-2,-1,-1,-2
142,81,41,9,0,24,0,14,8,2,2,-2,-1,-1,-2
143,79,40,7,1,25,0,12,7,0,1,-2,-1,-1,-3
144,79,40,7,1,25,0,12,7,0,1,-2,-1,-1,-3
145,79,40,7,1,25,0,12,7,0,1,-2,-1,-1,-3
146,79,40,7,0,25,0,12,7,0,1,0,0,0,-3
147,79,40,7,0,25,0,12,7,0,1,0,0,0,-3
148,79,40,7,0,25,0,12,7,0,1,0,0,0,-3
149,79,40,7,0,25,0,12,7,0,1,0,0,0,-3
