,midi_note,onset,duration,velocity,pitch_class,interval,root,relative_pitch,relative_pitch_class,parsons_code,parsons_cumsum
0,69,0,0,105,9,0,0,9,9,0,0
1,67,0,0,80,7,-2,0,7,7,-1,-1
2,65,1,2,105,5,-2,0,5,5,-1,-2
3,62,3,1,80,2,-3,0,2,2,-1,-3
4,64,4,1,95,4,2,0,4,4,1,-2
5,65,5,1,80,5,1,0,5,5,1,-1
6,67,6,1,80,7,2,0,7,7,1,0
7,69,7,2,105,9,2,0,9,9,1,1
8,71,9,1,80,11,2,0,11,11,1,2
9,72,10,2,95,0,1,0,12,0,1,3
10,69,12,1,80,9,-3,0,9,9,-1,2
11,74,13,1,105,2,5,0,14,2,1,3
12,72,14,1,80,0,-2,0,12,0,-1,2
13,69,15,1,80,9,-3,0,9,9,-1,1
14,71,16,1,95,11,2,0,11,11,1,2
15,72,17,1,80,0,1,0,12,0,1,3
16,74,18,1,80,2,2,0,14,2,1,4
17,76,19,1,105,4,2,0,16,4,1,5
18,74,20,1,80,2,-2,0,14,2,-1,4
19,72,21,1,80,0,-2,0,12,0,-1,3
20,69,22,2,95,9,-3,0,9,9,-1,2
21,67,24,1,80,7,-2,0,7,7,-1,1
22,65,25,2,105,5,-2,0,5,5,-1,0
23,62,27,1,80,2,-3,0,2,2,-1,-1
24,64,28,1,95,4,2,0,4,4,1,0
25,65,29,1,80,5,1,0,5,5,1,1
26,67,30,1,80,7,2,0,7,7,1,2
27,69,31,2,105,9,2,0,9,9,1,3
28,71,33,1,80,11,2,0,11,11,1,4
29,72,34,2,95,0,1,0,12,0,1,5
30,69,36,1,80,9,-3,0,9,9,-1,4
31,74,37,1,105,2,5,0,14,2,1,5
32,72,38,1,80,0,-2,0,12,0,-1,4
33,69,39,1,80,9,-3,0,9,9,-1,3
34,67,40,2,95,7,-2,0,7,7,-1,2
35,64,42,1,80,4,-3,0,4,4,-1,1
36,62,43,1,105,2,-2,0,2,2,-1,0
37,64,44,1,80,4,2,0,4,4,1,1
38,62,45,1,80,2,-2,0,2,2,-1,0
39,62,46,3,95,2,0,0,2,2,0,0
40,65,49,2,105,5,3,0,5,5,1,1
41,62,51,1,80,2,-3,0,2,2,-1,0
42,64,52,1,95,4,2,0,4,4,1,1
43,65,53,1,80,5,1,0,5,5,1,2
44,67,54,1,80,7,2,0,7,7,1,3
45,69,55,2,105,9,2,0,9,9,1,4
46,71,57,1,80,11,2,0,11,11,1,5
47,72,58,2,95,0,1,0,12,0,1,6
48,69,60,1,80,9,-3,0,9,9,-1,5
49,74,61,1,105,2,5,0,14,2,1,6
50,72,62,1,80,0,-2,0,12,0,-1,5
51,69,63,1,80,9,-3,0,9,9,-1,4
52,71,64,1,95,11,2,0,11,11,1,5
53,72,65,1,80,0,1,0,12,0,1,6
54,74,66,1,80,2,2,0,14,2,1,7
55,76,67,1,105,4,2,0,16,4,1,8
56,74,68,1,80,2,-2,0,14,2,-1,7
57,72,69,1,80,0,-2,0,12,0,-1,6
58,69,70,2,95,9,-3,0,9,9,-1,5
59,67,72,1,80,7,-2,0,7,7,-1,4
60,65,73,2,105,5,-2,0,5,5,-1,3
61,62,75,1,80,2,-3,0,2,2,-1,2
62,64,76,1,95,4,2,0,4,4,1,3
63,65,77,1,80,5,1,0,5,5,1,4
64,67,78,1,80,7,2,0,7,7,1,5
65,69,79,2,105,9,2,0,9,9,1,6
66,71,81,1,80,11,2,0,11,11,1,7
67,72,82,2,95,0,1,0,12,0,1,8
68,69,84,1,80,9,-3,0,9,9,-1,7
69,74,85,1,105,2,5,0,14,2,1,8
70,72,86,1,80,0,-2,0,12,0,-1,7
71,69,87,1,80,9,-3,0,9,9,-1,6
72,67,88,2,95,7,-2,0,7,7,-1,5
73,64,90,1,80,4,-3,0,4,4,-1,4
74,62,91,1,105,2,-2,0,2,2,-1,3
75,64,92,1,80,4,2,0,4,4,1,4
76,62,93,1,80,2,-2,0,2,2,-1,3
77,62,94,3,95,2,0,0,2,2,0,3
78,74,97,1,105,2,12,0,14,2,1,4
79,72,98,1,80,0,-2,0,12,0,-1,3
80,69,99,1,80,9,-3,0,9,9,-1,2
81,71,100,1,95,11,2,0,11,11,1,3
82,72,101,1,80,0,1,0,12,0,1,4
83,74,102,1,80,2,2,0,14,2,1,5
84,76,103,1,105,4,2,0,16,4,1,6
85,77,104,1,80,5,1,0,17,5,1,7
86,79,105,1,80,7,2,0,19,7,1,8
87,76,106,2,95,4,-3,0,16,4,-1,7
88,77,108,1,80,5,1,0,17,5,1,8
89,74,109,1,105,2,-3,0,14,2,-1,7
90,72,110,1,80,0,-2,0,12,0,-1,6
91,69,111,1,80,9,-3,0,9,9,-1,5
92,71,112,1,95,11,2,0,11,11,1,6
93,72,113,1,80,0,1,0,12,0,1,7
94,74,114,1,80,2,2,0,14,2,1,8
95,76,115,1,105,4,2,0,16,4,1,9
96,74,116,1,80,2,-2,0,14,2,-1,8
97,72,117,1,80,0,-2,0,12,0,-1,7
98,69,118,2,95,9,-3,0,9,9,-1,6
99,71,120,1,80,11,2,0,11,11,1,7
100,74,121,1,105,2,3,0,14,2,1,8
101,72,122,1,80,0,-2,0,12,0,-1,7
102,69,123,1,80,9,-3,0,9,9,-1,6
103,71,124,1,95,11,2,0,11,11,1,7
104,72,125,1,80,0,1,0,12,0,1,8
105,74,126,1,80,2,2,0,14,2,1,9
106,76,127,1,105,4,2,0,16,4,1,10
107,77,128,1,80,5,1,0,17,5,1,11
108,79,129,1,80,7,2,0,19,7,1,12
109,76,130,2,95,4,-3,0,16,4,-1,11
110,77,132,1,80,5,1,0,17,5,1,12
111,74,133,1,105,2,-3,0,14,2,-1,11
112,72,134,1,80,0,-2,0,12,0,-1,10
113,69,135,1,80,9,-3,0,9,9,-1,9
114,67,136,2,95,7,-2,0,7,7,-1,8
115,64,138,1,80,4,-3,0,4,4,-1,7
116,62,139,1,105,2,-2,0,2,2,-1,6
117,64,140,1,80,4,2,0,4,4,1,7
118,62,141,1,80,2,-2,0,2,2,-1,6
119,62,142,3,95,2,0,0,2,2,0,6
120,74,145,1,105,2,12,0,14,2,1,7
121,72,146,1,80,0,-2,0,12,0,-1,6
122,69,147,1,80,9,-3,0,9,9,-1,5
123,71,148,1,95,11,2,0,11,11,1,6
124,72,149,1,80,0,1,0,12,0,1,7
125,74,150,1,80,2,2,0,14,2,1,8
126,76,151,1,105,4,2,0,16,4,1,9
127,77,152,1,80,5,1,0,17,5,1,10
128,79,153,1,80,7,2,0,19,7,1,11
129,76,154,2,95,4,-3,0,16,4,-1,10
130,77,156,1,80,5,1,0,17,5,1,11
131,74,157,1,105,2,-3,0,14,2,-1,10
132,72,158,1,80,0,-2,0,12,0,-1,9
133,69,159,1,80,9,-3,0,9,9,-1,8
134,71,160,1,95,11,2,0,11,11,1,9
135,72,161,1,80,0,1,0,12,0,1,10
136,74,162,1,80,2,2,0,14,2,1,11
137,76,163,1,105,4,2,0,16,4,1,12
138,74,164,1,80,2,-2,0,14,2,-1,11
139,72,165,1,80,0,-2,0,12,0,-1,10
140,69,166,2,95,9,-3,0,9,9,-1,9
141,71,168,1,80,11,2,0,11,11,1,10
142,74,169,1,105,2,3,0,14,2,1,11
143,72,170,1,80,0,-2,0,12,0,-1,10
144,69,171,1,80,9,-3,0,9,9,-1,9
145,71,172,1,95,11,2,0,11,11,1,10
146,72,173,1,80,0,1,0,12,0,1,11
147,74,174,1,80,2,2,0,14,2,1,12
148,76,175,1,105,4,2,0,16,4,1,13
149,77,176,1,80,5,1,0,17,5,1,14
150,79,177,1,80,7,2,0,19,7,1,15
151,76,178,2,95,4,-3,0,16,4,-1,14
152,77,180,1,80,5,1,0,17,5,1,15
153,74,181,1,105,2,-3,0,14,2,-1,14
154,72,182,1,80,0,-2,0,12,0,-1,13
155,69,183,1,80,9,-3,0,9,9,-1,12
156,67,184,2,95,7,-2,0,7,7,-1,11
157,64,186,1,80,4,-3,0,4,4,-1,10
158,62,187,1,105,2,-2,0,2,2,-1,9
159,64,188,1,80,4,2,0,4,4,1,10
160,62,189,1,80,2,-2,0,2,2,-1,9
161,62,190,3,95,2,0,0,2,2,0,9
162,38,0,1,80,2,-24,0,-22,2,-1,8
163,38,1,1,80,2,0,0,-22,2,0,8
164,50,3,1,75,2,12,0,-10,2,1,9
165,38,4,1,80,2,-12,0,-22,2,-1,8
166,50,6,1,75,2,12,0,-10,2,1,9
167,38,7,1,80,2,-12,0,-22,2,-1,8
168,50,9,1,75,2,12,0,-10,2,1,9
169,38,10,1,80,2,-12,0,-22,2,-1,8
170,50,12,1,75,2,12,0,-10,2,1,9
171,38,13,1,80,2,-12,0,-22,2,-1,8
172,50,15,1,75,2,12,0,-10,2,1,9
173,38,16,1,80,2,-12,0,-22,2,-1,8
174,50,18,1,75,2,12,0,-10,2,1,9
175,38,19,1,80,2,-12,0,-22,2,-1,8
176,50,21,1,75,2,12,0,-10,2,1,9
177,38,22,1,80,2,-12,0,-22,2,-1,8
178,50,24,1,75,2,12,0,-10,2,1,9
179,38,25,1,80,2,-12,0,-22,2,-1,8
180,50,27,1,75,2,12,0,-10,2,1,9
181,38,28,1,80,2,-12,0,-22,2,-1,8
182,50,30,1,75,2,12,0,-10,2,1,9
183,38,31,1,80,2,-12,0,-22,2,-1,8
184,50,33,1,75,2,12,0,-10,2,1,9
185,38,34,1,80,2,-12,0,-22,2,-1,8
186,50,36,1,75,2,12,0,-10,2,1,9
187,38,37,1,80,2,-12,0,-22,2,-1,8
188,50,39,1,75,2,12,0,-10,2,1,9
189,38,40,1,80,2,-12,0,-22,2,-1,8
190,50,42,1,75,2,12,0,-10,2,1,9
191,38,43,1,80,2,-12,0,-22,2,-1,8
192,50,45,1,75,2,12,0,-10,2,1,9
193,38,46,1,80,2,-12,0,-22,2,-1,8
194,50,48,1,75,2,12,0,-10,2,1,9
195,38,49,1,80,2,-12,0,-22,2,-1,8
196,50,51,1,75,2,12,0,-10,2,1,9
197,38,52,1,80,2,-12,0,-22,2,-1,8
198,50,54,1,75,2,12,0,-10,2,1,9
199,38,55,1,80,2,-12,0,-22,2,-1,8
200,50,57,1,75,2,12,0,-10,2,1,9
201,38,58,1,80,2,-12,0,-22,2,-1,8
202,50,60,1,75,2,12,0,-10,2,1,9
203,38,61,1,80,2,-12,0,-22,2,-1,8
204,50,63,1,75,2,12,0,-10,2,1,9
205,38,64,1,80,2,-12,0,-22,2,-1,8
206,50,66,1,75,2,12,0,-10,2,1,9
207,38,67,1,80,2,-12,0,-22,2,-1,8
208,50,69,1,75,2,12,0,-10,2,1,9
209,38,70,1,80,2,-12,0,-22,2,-1,8
210,50,72,1,75,2,12,0,-10,2,1,9
211,38,73,1,80,2,-12,0,-22,2,-1,8
212,50,75,1,75,2,12,0,-10,2,1,9
213,38,76,1,80,2,-12,0,-22,2,-1,8
214,50,78,1,75,2,12,0,-10,2,1,9
215,38,79,1,80,2,-12,0,-22,2,-1,8
216,50,81,1,75,2,12,0,-10,2,1,9
217,38,82,1,80,2,-12,0,-22,2,-1,8
218,50,84,1,75,2,12,0,-10,2,1,9
219,38,85,1,80,2,-12,0,-22,2,-1,8
220,50,87,1,75,2,12,0,-10,2,1,9
221,38,88,1,80,2,-12,0,-22,2,-1,8
222,50,90,1,75,2,12,0,-10,2,1,9
223,38,91,1,80,2,-12,0,-22,2,-1,8
224,50,93,1,75,2,12,0,-10,2,1,9
225,38,94,1,80,2,-12,0,-22,2,-1,8
226,50,96,1,75,2,12,0,-10,2,1,9
227,38,97,1,80,2,-12,0,-22,2,-1,8
228,50,99,1,75,2,12,0,-10,2,1,9
229,38,100,1,80,2,-12,0,-22,2,-1,8
230,50,102,1,75,2,12,0,-10,2,1,9
231,38,103,1,80,2,-12,0,-22,2,-1,8
232,50,105,1,75,2,12,0,-10,2,1,9
233,38,106,1,80,2,-12,0,-22,2,-1,8
234,50,108,1,75,2,12,0,-10,2,1,9
235,38,109,1,80,2,-12,0,-22,2,-1,8
236,50,111,1,75,2,12,0,-10,2,1,9
237,38,112,1,80,2,-12,0,-22,2,-1,8
238,50,114,1,75,2,12,0,-10,2,1,9
239,38,115,1,80,2,-12,0,-22,2,-1,8
240,50,117,1,75,2,12,0,-10,2,1,9
241,38,118,1,80,2,-12,0,-22,2,-1,8
242,50,120,1,75,2,12,0,-10,2,1,9
243,38,121,1,80,2,-12,0,-22,2,-1,8
244,50,123,1,75,2,12,0,-10,2,1,9
245,38,124,1,80,2,-12,0,-22,2,-1,8
246,50,126,1,75,2,12,0,-10,2,1,9
247,38,127,1,80,2,-12,0,-22,2,-1,8
248,50,129,1,75,2,12,0,-10,2,1,9
249,38,130,1,80,2,-12,0,-22,2,-1,8
250,50,132,1,75,2,12,0,-10,2,1,9
251,38,133,1,80,2,-12,0,-22,2,-1,8
252,50,135,1,75,2,12,0,-10,2,1,9
253,38,136,1,80,2,-12,0,-22,2,-1,8
254,50,138,1,75,2,12,0,-10,2,1,9
255,38,139,1,80,2,-12,0,-22,2,-1,8
256,50,141,1,75,2,12,0,-10,2,1,9
257,38,142,1,80,2,-12,0,-22,2,-1,8
258,50,144,1,75,2,12,0,-10,2,1,9
259,38,145,1,80,2,-12,0,-22,2,-1,8
260,50,147,1,75,2,12,0,-10,2,1,9
261,38,148,1,80,2,-12,0,-22,2,-1,8
262,50,150,1,75,2,12,0,-10,2,1,9
263,38,151,1,80,2,-12,0,-22,2,-1,8
264,50,153,1,75,2,12,0,-10,2,1,9
265,38,154,1,80,2,-12,0,-22,2,-1,8
266,50,156,1,75,2,12,0,-10,2,1,9
267,38,157,1,80,2,-12,0,-22,2,-1,8
268,50,159,1,75,2,12,0,-10,2,1,9
269,38,160,1,80,2,-12,0,-22,2,-1,8
270,50,162,1,75,2,12,0,-10,2,1,9
271,38,163,1,80,2,-12,0,-22,2,-1,8
272,50,165,1,75,2,12,0,-10,2,1,9
273,38,166,1,80,2,-12,0,-22,2,-1,8
274,50,168,1,75,2,12,0,-10,2,1,9
275,38,169,1,80,2,-12,0,-22,2,-1,8
276,50,171,1,75,2,12,0,-10,2,1,9
277,38,172,1,80,2,-12,0,-22,2,-1,8
278,50,174,1,75,2,12,0,-10,2,1,9
279,38,175,1,80,2,-12,0,-22,2,-1,8
280,50,177,1,75,2,12,0,-10,2,1,9
281,38,178,1,80,2,-12,0,-22,2,-1,8
282,50,180,1,75,2,12,0,-10,2,1,9
283,38,181,1,80,2,-12,0,-22,2,-1,8
284,50,183,1,75,2,12,0,-10,2,1,9
285,38,184,1,80,2,-12,0,-22,2,-1,8
286,50,186,1,75,2,12,0,-10,2,1,9
287,38,187,1,80,2,-12,0,-22,2,-1,8
288,50,189,1,75,2,12,0,-10,2,1,9
289,38,190,1,80,2,-12,0,-22,2,-1,8
290,50,192,1,75,2,12,0,-10,2,1,9
