,midi_note,onset,duration,velocity,pitch_class,interval,root,relative_pitch,relative_pitch_class,parsons_code,parsons_cumsum
0,74,0,2,105,2,0,2,12,0,0,0
1,76,2,1,80,4,2,2,14,2,1,1
2,74,3,1,80,2,-2,2,12,0,-1,0
3,72,4,1,95,0,-2,2,10,10,-1,-1
4,69,5,1,80,9,-3,2,7,7,-1,-2
5,67,6,1,80,7,-2,2,5,5,-1,-3
6,71,7,1,80,11,4,2,9,9,1,-2
7,69,8,1,105,9,-2,2,7,7,-1,-3
8,74,9,1,80,2,5,2,12,0,1,-2
9,74,10,1,80,2,0,2,12,0,0,-2
10,73,11,1,80,1,-1,2,11,11,-1,-3
11,74,12,1,95,2,1,2,12,0,1,-2
12,78,13,1,80,6,4,2,16,4,1,-1
13,81,14,1,80,9,3,2,19,7,1,0
14,79,15,1,80,7,-2,2,17,5,-1,-1
15,78,16,2,105,6,-1,2,16,4,-1,-2
16,76,18,1,80,4,-2,2,14,2,-1,-3
17,73,19,1,80,1,-3,2,11,11,-1,-4
18,74,20,1,95,2,1,2,12,0,1,-3
19,73,21,1,80,1,-1,2,11,11,-1,-4
20,69,22,1,80,9,-4,2,7,7,-1,-5
21,67,23,1,80,7,-2,2,5,5,-1,-6
22,64,24,2,105,4,-3,2,2,2,-1,-7
23,72,26,1,80,0,8,2,10,10,1,-6
24,64,27,1,80,4,-8,2,2,2,-1,-7
25,64,28,1,95,4,0,2,2,2,0,-7
26,62,29,1,80,2,-2,2,0,0,-1,-8
27,62,30,2,80,2,0,2,0,0,0,-8
28,74,32,2,105,2,12,2,12,0,1,-7
29,76,34,1,80,4,2,2,14,2,1,-6
30,74,35,1,80,2,-2,2,12,0,-1,-7
31,72,36,1,95,0,-2,2,10,10,-1,-8
32,69,37,1,80,9,-3,2,7,7,-1,-9
33,67,38,1,80,7,-2,2,5,5,-1,-10
34,71,39,1,80,11,4,2,9,9,1,-9
35,69,40,1,105,9,-2,2,7,7,-1,-10
36,74,41,1,80,2,5,2,12,0,1,-9
37,74,42,1,80,2,0,2,12,0,0,-9
38,73,43,1,80,1,-1,2,11,11,-1,-10
39,74,44,1,95,2,1,2,12,0,1,-9
40,78,45,1,80,6,4,2,16,4,1,-8
41,81,46,1,80,9,3,2,19,7,1,-7
42,79,47,1,80,7,-2,2,17,5,-1,-8
43,78,48,2,105,6,-1,2,16,4,-1,-9
44,76,50,1,80,4,-2,2,14,2,-1,-10
45,73,51,1,80,1,-3,2,11,11,-1,-11
46,74,52,1,95,2,1,2,12,0,1,-10
47,73,53,1,80,1,-1,2,11,11,-1,-11
48,69,54,1,80,9,-4,2,7,7,-1,-12
49,67,55,1,80,7,-2,2,5,5,-1,-13
50,64,56,2,105,4,-3,2,2,2,-1,-14
51,72,58,1,80,0,8,2,10,10,1,-13
52,64,59,1,80,4,-8,2,2,2,-1,-14
53,64,60,1,95,4,0,2,2,2,0,-14
54,62,61,1,80,2,-2,2,0,0,-1,-15
55,62,62,2,80,2,0,2,0,0,0,-15
56,78,64,1,105,6,16,2,16,4,1,-14
57,76,65,1,80,4,-2,2,14,2,-1,-15
58,74,66,1,80,2,-2,2,12,0,-1,-16
59,73,67,1,80,1,-1,2,11,11,-1,-17
60,74,68,2,95,2,1,2,12,0,1,-16
61,73,70,1,80,1,-1,2,11,11,-1,-17
62,74,71,1,80,2,1,2,12,0,1,-16
63,76,72,1,105,4,2,2,14,2,1,-15
64,81,73,1,80,9,5,2,19,7,1,-14
65,81,74,1,80,9,0,2,19,7,0,-14
66,79,75,1,80,7,-2,2,17,5,-1,-15
67,76,76,1,95,4,-3,2,14,2,-1,-16
68,81,77,1,80,9,5,2,19,7,1,-15
69,81,78,1,80,9,0,2,19,7,0,-15
70,79,79,1,80,7,-2,2,17,5,-1,-16
71,78,80,2,105,6,-1,2,16,4,-1,-17
72,76,82,1,80,4,-2,2,14,2,-1,-18
73,73,83,1,80,1,-3,2,11,11,-1,-19
74,74,84,2,95,2,1,2,12,0,1,-18
75,73,86,1,80,1,-1,2,11,11,-1,-19
76,74,87,1,80,2,1,2,12,0,1,-18
77,76,88,1,105,4,2,2,14,2,1,-17
78,81,89,1,80,9,5,2,19,7,1,-16
79,81,90,1,80,9,0,2,19,7,0,-16
80,79,91,1,80,7,-2,2,17,5,-1,-17
81,76,92,1,95,4,-3,2,14,2,-1,-18
82,74,93,1,80,2,-2,2,12,0,-1,-19
83,74,94,1,80,2,0,2,12,0,0,-19
84,76,95,1,80,4,2,2,14,2,1,-18
85,78,96,1,105,6,2,2,16,4,1,-17
86,76,97,1,80,4,-2,2,14,2,-1,-18
87,74,98,1,80,2,-2,2,12,0,-1,-19
88,73,99,1,80,1,-1,2,11,11,-1,-20
89,74,100,2,95,2,1,2,12,0,1,-19
90,73,102,1,80,1,-1,2,11,11,-1,-20
91,74,103,1,80,2,1,2,12,0,1,-19
92,76,104,1,105,4,2,2,14,2,1,-18
93,81,105,1,80,9,5,2,19,7,1,-17
94,81,106,1,80,9,0,2,19,7,0,-17
95,79,107,1,80,7,-2,2,17,5,-1,-18
96,76,108,1,95,4,-3,2,14,2,-1,-19
97,81,109,1,80,9,5,2,19,7,1,-18
98,81,110,1,80,9,0,2,19,7,0,-18
99,79,111,1,80,7,-2,2,17,5,-1,-19
100,78,112,2,105,6,-1,2,16,4,-1,-20
101,76,114,1,80,4,-2,2,14,2,-1,-21
102,74,115,1,80,2,-2,2,12,0,-1,-22
103,73,116,1,95,1,-1,2,11,11,-1,-23
104,74,117,1,80,2,1,2,12,0,1,-22
105,76,118,1,80,4,2,2,14,2,1,-21
106,78,119,1,80,6,2,2,16,4,1,-20
107,79,120,1,105,7,1,2,17,5,1,-19
108,76,121,1,80,4,-3,2,14,2,-1,-20
109,81,122,1,80,9,5,2,19,7,1,-19
110,79,123,1,80,7,-2,2,17,5,-1,-20
111,76,124,1,95,4,-3,2,14,2,-1,-21
112,78,125,1,80,6,2,2,16,4,1,-20
113,79,126,1,80,7,1,2,17,5,1,-19
114,76,127,1,80,4,-3,2,14,2,-1,-20
115,74,128,8,105,2,-2,2,12,0,-1,-21
