,midi_note,onset,duration,velocity,pitch_class,interval,root,relative_pitch,relative_pitch_class,parsons_code,parsons_cumsum
0,64,0,1,105,4,0,7,-3,9,0,0
1,66,1,1,105,6,2,7,-1,11,1,1
2,62,2,1,80,2,-4,7,-5,7,-1,0
3,62,3,1,80,2,0,7,-5,7,0,0
4,69,4,2,95,9,7,7,2,2,1,1
5,74,6,1,80,2,5,7,7,7,1,2
6,74,7,1,105,2,0,7,7,7,0,2
7,76,8,1,80,4,2,7,9,9,1,3
8,74,9,1,80,2,-2,7,7,7,-1,2
9,72,10,1,95,0,-2,7,5,5,-1,1
10,69,11,1,80,9,-3,7,2,2,-1,0
11,67,12,1,80,7,-2,7,0,0,-1,-1
12,66,13,1,105,6,-1,7,-1,11,-1,-2
13,62,14,1,80,2,-4,7,-5,7,-1,-3
14,62,15,1,80,2,0,7,-5,7,0,-3
15,69,16,2,95,9,7,7,2,2,1,-2
16,74,18,1,80,2,5,7,7,7,1,-1
17,72,19,1,105,0,-2,7,5,5,-1,-2
18,69,20,1,80,9,-3,7,2,2,-1,-3
19,67,21,1,80,7,-2,7,0,0,-1,-4
20,69,22,1,95,9,2,7,2,2,1,-3
21,67,23,1,80,7,-2,7,0,0,-1,-4
22,64,24,1,80,4,-3,7,-3,9,-1,-5
23,66,25,1,105,6,2,7,-1,11,1,-4
24,62,26,1,80,2,-4,7,-5,7,-1,-5
25,62,27,1,80,2,0,7,-5,7,0,-5
26,69,28,2,95,9,7,7,2,2,1,-4
27,74,30,1,80,2,5,7,7,7,1,-3
28,74,31,1,105,2,0,7,7,7,0,-3
29,76,32,1,80,4,2,7,9,9,1,-2
30,74,33,1,80,2,-2,7,7,7,-1,-3
31,72,34,1,95,0,-2,7,5,5,-1,-4
32,69,35,1,80,9,-3,7,2,2,-1,-5
33,67,36,1,80,7,-2,7,0,0,-1,-6
34,78,37,1,105,6,11,7,11,11,1,-5
35,81,38,1,80,9,3,7,14,2,1,-4
36,78,39,1,80,6,-3,7,11,11,-1,-5
37,79,40,1,95,7,1,7,12,0,1,-4
38,76,41,1,80,4,-3,7,9,9,-1,-5
39,74,42,1,80,2,-2,7,7,7,-1,-6
40,72,43,1,105,0,-2,7,5,5,-1,-7
41,69,44,1,80,9,-3,7,2,2,-1,-8
42,67,45,1,80,7,-2,7,0,0,-1,-9
43,69,46,1,95,9,2,7,2,2,1,-8
44,67,47,1,80,7,-2,7,0,0,-1,-9
45,64,48,1,80,4,-3,7,-3,9,-1,-10
46,66,49,1,105,6,2,7,-1,11,1,-9
47,62,50,1,80,2,-4,7,-5,7,-1,-10
48,62,51,1,80,2,0,7,-5,7,0,-10
49,69,52,2,95,9,7,7,2,2,1,-9
50,74,54,1,80,2,5,7,7,7,1,-8
51,74,55,1,105,2,0,7,7,7,0,-8
52,76,56,1,80,4,2,7,9,9,1,-7
53,74,57,1,80,2,-2,7,7,7,-1,-8
54,72,58,1,95,0,-2,7,5,5,-1,-9
55,69,59,1,80,9,-3,7,2,2,-1,-10
56,67,60,1,80,7,-2,7,0,0,-1,-11
57,66,61,1,105,6,-1,7,-1,11,-1,-12
58,62,62,1,80,2,-4,7,-5,7,-1,-13
59,62,63,1,80,2,0,7,-5,7,0,-13
60,69,64,2,95,9,7,7,2,2,1,-12
61,74,66,1,80,2,5,7,7,7,1,-11
62,72,67,1,105,0,-2,7,5,5,-1,-12
63,69,68,1,80,9,-3,7,2,2,-1,-13
64,67,69,1,80,7,-2,7,0,0,-1,-14
65,69,70,1,95,9,2,7,2,2,1,-13
66,67,71,1,80,7,-2,7,0,0,-1,-14
67,64,72,1,80,4,-3,7,-3,9,-1,-15
68,66,73,1,105,6,2,7,-1,11,1,-14
69,62,74,1,80,2,-4,7,-5,7,-1,-15
70,62,75,1,80,2,0,7,-5,7,0,-15
71,69,76,2,95,9,7,7,2,2,1,-14
72,74,78,1,80,2,5,7,7,7,1,-13
73,74,79,1,105,2,0,7,7,7,0,-13
74,76,80,1,80,4,2,7,9,9,1,-12
75,74,81,1,80,2,-2,7,7,7,-1,-13
76,72,82,1,95,0,-2,7,5,5,-1,-14
77,69,83,1,80,9,-3,7,2,2,-1,-15
78,67,84,1,80,7,-2,7,0,0,-1,-16
79,78,85,1,105,6,11,7,11,11,1,-15
80,81,86,1,80,9,3,7,14,2,1,-14
81,78,87,1,80,6,-3,7,11,11,-1,-15
82,79,88,1,95,7,1,7,12,0,1,-14
83,76,89,1,80,4,-3,7,9,9,-1,-15
84,74,90,1,80,2,-2,7,7,7,-1,-16
85,72,91,1,105,0,-2,7,5,5,-1,-17
86,69,92,1,80,9,-3,7,2,2,-1,-18
87,67,93,1,80,7,-2,7,0,0,-1,-19
88,69,94,1,95,9,2,7,2,2,1,-18
89,67,95,1,80,7,-2,7,0,0,-1,-19
90,71,96,1,80,11,4,7,4,4,1,-18
91,69,97,1,105,9,-2,7,2,2,-1,-19
92,74,98,1,80,2,5,7,7,7,1,-18
93,74,99,1,80,2,0,7,7,7,0,-18
94,78,100,2,95,6,4,7,11,11,1,-17
95,81,102,1,80,9,3,7,14,2,1,-16
96,74,103,1,105,2,-7,7,7,7,-1,-17
97,81,104,1,80,9,7,7,14,2,1,-16
98,78,105,1,80,6,-3,7,11,11,-1,-17
99,79,106,1,95,7,1,7,12,0,1,-16
100,76,107,1,80,4,-3,7,9,9,-1,-17
101,73,108,1,80,1,-3,7,6,6,-1,-18
102,69,109,1,105,9,-4,7,2,2,-1,-19
103,74,110,1,80,2,5,7,7,7,1,-18
104,74,111,1,80,2,0,7,7,7,0,-18
105,78,112,2,95,6,4,7,11,11,1,-17
106,81,114,1,80,9,3,7,14,2,1,-16
107,79,115,1,105,7,-2,7,12,0,-1,-17
108,76,116,1,80,4,-3,7,9,9,-1,-18
109,74,117,1,80,2,-2,7,7,7,-1,-19
110,72,118,1,95,0,-2,7,5,5,-1,-20
111,69,119,1,80,9,-3,7,2,2,-1,-21
112,67,120,1,80,7,-2,7,0,0,-1,-22
113,69,121,1,105,9,2,7,2,2,1,-21
114,74,122,1,80,2,5,7,7,7,1,-20
115,74,123,1,80,2,0,7,7,7,0,-20
116,78,124,2,95,6,4,7,11,11,1,-19
117,81,126,1,80,9,3,7,14,2,1,-18
118,74,127,1,105,2,-7,7,7,7,-1,-19
119,81,128,1,80,9,7,7,14,2,1,-18
120,78,129,1,80,6,-3,7,11,11,-1,-19
121,79,130,2,95,7,1,7,12,0,1,-18
122,81,132,1,80,9,2,7,14,2,1,-17
123,78,133,1,105,6,-3,7,11,11,-1,-18
124,81,134,1,80,9,3,7,14,2,1,-17
125,78,135,1,80,6,-3,7,11,11,-1,-18
126,79,136,1,95,7,1,7,12,0,1,-17
127,76,137,1,80,4,-3,7,9,9,-1,-18
128,74,138,1,80,2,-2,7,7,7,-1,-19
129,72,139,1,105,0,-2,7,5,5,-1,-20
130,69,140,1,80,9,-3,7,2,2,-1,-21
131,67,141,1,80,7,-2,7,0,0,-1,-22
132,69,142,1,95,9,2,7,2,2,1,-21
133,67,143,1,80,7,-2,7,0,0,-1,-22
134,71,144,1,80,11,4,7,4,4,1,-21
135,69,145,1,105,9,-2,7,2,2,-1,-22
136,74,146,1,80,2,5,7,7,7,1,-21
137,74,147,1,80,2,0,7,7,7,0,-21
138,78,148,2,95,6,4,7,11,11,1,-20
139,81,150,1,80,9,3,7,14,2,1,-19
140,74,151,1,105,2,-7,7,7,7,-1,-20
141,81,152,1,80,9,7,7,14,2,1,-19
142,78,153,1,80,6,-3,7,11,11,-1,-20
143,79,154,1,95,7,1,7,12,0,1,-19
144,76,155,1,80,4,-3,7,9,9,-1,-20
145,73,156,1,80,1,-3,7,6,6,-1,-21
146,69,157,1,105,9,-4,7,2,2,-1,-22
147,74,158,1,80,2,5,7,7,7,1,-21
148,74,159,1,80,2,0,7,7,7,0,-21
149,78,160,2,95,6,4,7,11,11,1,-20
150,81,162,1,80,9,3,7,14,2,1,-19
151,79,163,1,105,7,-2,7,12,0,-1,-20
152,76,164,1,80,4,-3,7,9,9,-1,-21
153,74,165,1,80,2,-2,7,7,7,-1,-22
154,72,166,1,95,0,-2,7,5,5,-1,-23
155,69,167,1,80,9,-3,7,2,2,-1,-24
156,67,168,1,80,7,-2,7,0,0,-1,-25
157,69,169,1,105,9,2,7,2,2,1,-24
158,74,170,1,80,2,5,7,7,7,1,-23
159,74,171,1,80,2,0,7,7,7,0,-23
160,78,172,2,95,6,4,7,11,11,1,-22
161,81,174,1,80,9,3,7,14,2,1,-21
162,74,175,1,105,2,-7,7,7,7,-1,-22
163,81,176,1,80,9,7,7,14,2,1,-21
164,78,177,1,80,6,-3,7,11,11,-1,-22
165,79,178,2,95,7,1,7,12,0,1,-21
166,81,180,1,80,9,2,7,14,2,1,-20
167,78,181,1,105,6,-3,7,11,11,-1,-21
168,81,182,1,80,9,3,7,14,2,1,-20
169,78,183,1,80,6,-3,7,11,11,-1,-21
170,79,184,1,95,7,1,7,12,0,1,-20
171,76,185,1,80,4,-3,7,9,9,-1,-21
172,74,186,1,80,2,-2,7,7,7,-1,-22
173,72,187,1,105,0,-2,7,5,5,-1,-23
174,69,188,1,80,9,-3,7,2,2,-1,-24
175,67,189,1,80,7,-2,7,0,0,-1,-25
176,69,190,1,95,9,2,7,2,2,1,-24
177,67,191,1,80,7,-2,7,0,0,-1,-25
