,midi_note,onset,duration,velocity,pitch_class,interval,root,relative_pitch,relative_pitch_class,parsons_code,parsons_cumsum
0,76,0,0,105,4,0,9,7,7,0,0
1,74,0,0,80,2,-2,9,5,5,-1,-1
2,73,1,1,105,1,-1,9,4,4,-1,-2
3,69,2,1,80,9,-4,9,0,0,-1,-3
4,69,3,1,80,9,0,9,0,0,0,-3
5,76,4,1,95,4,7,9,7,7,1,-2
6,69,5,1,80,9,-7,9,0,0,-1,-3
7,69,6,1,80,9,0,9,0,0,0,-3
8,81,7,1,105,9,12,9,12,0,1,-2
9,80,8,1,80,8,-1,9,11,11,-1,-3
10,81,9,1,80,9,1,9,12,0,1,-2
11,76,10,2,95,4,-5,9,7,7,-1,-3
12,74,12,1,80,2,-2,9,5,5,-1,-4
13,73,13,1,105,1,-1,9,4,4,-1,-5
14,69,14,1,80,9,-4,9,0,0,-1,-6
15,69,15,1,80,9,0,9,0,0,0,-6
16,76,16,1,95,4,7,9,7,7,1,-5
17,69,17,1,80,9,-7,9,0,0,-1,-6
18,69,18,1,80,9,0,9,0,0,0,-6
19,71,19,1,105,11,2,9,2,2,1,-5
20,73,20,0,80,1,2,9,4,4,1,-4
21,74,20,0,80,2,1,9,5,5,1,-3
22,73,21,1,80,1,-1,9,4,4,-1,-4
23,71,22,1,95,11,-2,9,2,2,-1,-5
24,76,23,1,80,4,5,9,7,7,1,-4
25,74,24,1,80,2,-2,9,5,5,-1,-5
26,73,25,1,105,1,-1,9,4,4,-1,-6
27,69,26,1,80,9,-4,9,0,0,-1,-7
28,69,27,1,80,9,0,9,0,0,0,-7
29,76,28,1,95,4,7,9,7,7,1,-6
30,69,29,1,80,9,-7,9,0,0,-1,-7
31,69,30,1,80,9,0,9,0,0,0,-7
32,81,31,1,105,9,12,9,12,0,1,-6
33,80,32,1,80,8,-1,9,11,11,-1,-7
34,81,33,1,80,9,1,9,12,0,1,-6
35,76,34,2,95,4,-5,9,7,7,-1,-7
36,74,36,1,80,2,-2,9,5,5,-1,-8
37,73,37,1,105,1,-1,9,4,4,-1,-9
38,74,38,0,80,2,1,9,5,5,1,-8
39,76,38,0,80,4,2,9,7,7,1,-7
40,73,39,1,80,1,-3,9,4,4,-1,-8
41,71,40,1,95,11,-2,9,2,2,-1,-9
42,69,41,1,80,9,-2,9,0,0,-1,-10
43,71,42,1,80,11,2,9,2,2,1,-9
44,73,43,1,105,1,2,9,4,4,1,-8
45,69,44,1,80,9,-4,9,0,0,-1,-9
46,69,45,1,80,9,0,9,0,0,0,-9
47,69,46,2,95,9,0,9,0,0,0,-9
48,76,48,0,80,4,7,9,7,7,1,-8
49,74,48,0,80,2,-2,9,5,5,-1,-9
50,73,49,1,105,1,-1,9,4,4,-1,-10
51,69,50,1,80,9,-4,9,0,0,-1,-11
52,69,51,1,80,9,0,9,0,0,0,-11
53,76,52,1,95,4,7,9,7,7,1,-10
54,69,53,1,80,9,-7,9,0,0,-1,-11
55,69,54,1,80,9,0,9,0,0,0,-11
56,81,55,1,105,9,12,9,12,0,1,-10
57,80,56,1,80,8,-1,9,11,11,-1,-11
58,81,57,1,80,9,1,9,12,0,1,-10
59,76,58,2,95,4,-5,9,7,7,-1,-11
60,74,60,1,80,2,-2,9,5,5,-1,-12
61,73,61,1,105,1,-1,9,4,4,-1,-13
62,69,62,1,80,9,-4,9,0,0,-1,-14
63,69,63,1,80,9,0,9,0,0,0,-14
64,76,64,1,95,4,7,9,7,7,1,-13
65,69,65,1,80,9,-7,9,0,0,-1,-14
66,69,66,1,80,9,0,9,0,0,0,-14
67,71,67,1,105,11,2,9,2,2,1,-13
68,73,68,0,80,1,2,9,4,4,1,-12
69,74,68,0,80,2,1,9,5,5,1,-11
70,73,69,1,80,1,-1,9,4,4,-1,-12
71,71,70,1,95,11,-2,9,2,2,-1,-13
72,76,71,1,80,4,5,9,7,7,1,-12
73,74,72,1,80,2,-2,9,5,5,-1,-13
74,73,73,1,105,1,-1,9,4,4,-1,-14
75,69,74,1,80,9,-4,9,0,0,-1,-15
76,69,75,1,80,9,0,9,0,0,0,-15
77,76,76,1,95,4,7,9,7,7,1,-14
78,69,77,1,80,9,-7,9,0,0,-1,-15
79,69,78,1,80,9,0,9,0,0,0,-15
80,81,79,1,105,9,12,9,12,0,1,-14
81,80,80,1,80,8,-1,9,11,11,-1,-15
82,81,81,1,80,9,1,9,12,0,1,-14
83,76,82,2,95,4,-5,9,7,7,-1,-15
84,74,84,1,80,2,-2,9,5,5,-1,-16
85,73,85,1,105,1,-1,9,4,4,-1,-17
86,74,86,0,80,2,1,9,5,5,1,-16
87,76,86,0,80,4,2,9,7,7,1,-15
88,73,87,1,80,1,-3,9,4,4,-1,-16
89,71,88,1,95,11,-2,9,2,2,-1,-17
90,69,89,1,80,9,-2,9,0,0,-1,-18
91,71,90,1,80,11,2,9,2,2,1,-17
92,73,91,1,105,1,2,9,4,4,1,-16
93,69,92,1,80,9,-4,9,0,0,-1,-17
94,69,93,1,80,9,0,9,0,0,0,-17
95,69,94,2,95,9,0,9,0,0,0,-17
96,69,96,0,80,9,0,9,0,0,0,-17
97,71,96,0,80,11,2,9,2,2,1,-16
98,73,97,1,105,1,2,9,4,4,1,-15
99,72,98,1,80,0,-1,9,3,3,-1,-16
100,73,99,1,80,1,1,9,4,4,1,-15
101,76,100,1,95,4,3,9,7,7,1,-14
102,73,101,1,80,1,-3,9,4,4,-1,-15
103,69,102,1,80,9,-4,9,0,0,-1,-16
104,74,103,1,105,2,5,9,5,5,1,-15
105,69,104,1,80,9,-5,9,0,0,-1,-16
106,74,105,1,80,2,5,9,5,5,1,-15
107,74,106,1,95,2,0,9,5,5,0,-15
108,81,107,1,80,9,7,9,12,0,1,-14
109,81,108,1,80,9,0,9,12,0,0,-14
110,73,109,1,105,1,-8,9,4,4,-1,-15
111,72,110,1,80,0,-1,9,3,3,-1,-16
112,73,111,1,80,1,1,9,4,4,1,-15
113,76,112,1,95,4,3,9,7,7,1,-14
114,73,113,1,80,1,-3,9,4,4,-1,-15
115,69,114,1,80,9,-4,9,0,0,-1,-16
116,74,115,1,105,2,5,9,5,5,1,-15
117,73,116,1,80,1,-1,9,4,4,-1,-16
118,74,117,1,80,2,1,9,5,5,1,-15
119,71,118,2,95,11,-3,9,2,2,-1,-16
120,71,120,1,80,11,0,9,2,2,0,-16
121,73,121,1,105,1,2,9,4,4,1,-15
122,72,122,1,80,0,-1,9,3,3,-1,-16
123,73,123,1,80,1,1,9,4,4,1,-15
124,76,124,1,95,4,3,9,7,7,1,-14
125,73,125,1,80,1,-3,9,4,4,-1,-15
126,69,126,1,80,9,-4,9,0,0,-1,-16
127,74,127,1,105,2,5,9,5,5,1,-15
128,69,128,1,80,9,-5,9,0,0,-1,-16
129,74,129,1,80,2,5,9,5,5,1,-15
130,74,130,1,95,2,0,9,5,5,0,-15
131,81,131,1,80,9,7,9,12,0,1,-14
132,81,132,1,80,9,0,9,12,0,0,-14
133,73,133,1,105,1,-8,9,4,4,-1,-15
134,74,134,0,80,2,1,9,5,5,1,-14
135,76,134,0,80,4,2,9,7,7,1,-13
136,73,135,1,80,1,-3,9,4,4,-1,-14
137,71,136,1,95,11,-2,9,2,2,-1,-15
138,69,137,1,80,9,-2,9,0,0,-1,-16
139,71,138,1,80,11,2,9,2,2,1,-15
140,73,139,1,105,1,2,9,4,4,1,-14
141,69,140,1,80,9,-4,9,0,0,-1,-15
142,69,141,1,80,9,0,9,0,0,0,-15
143,69,142,2,95,9,0,9,0,0,0,-15
144,69,144,0,80,9,0,9,0,0,0,-15
145,71,144,0,80,11,2,9,2,2,1,-14
146,73,145,1,105,1,2,9,4,4,1,-13
147,72,146,1,80,0,-1,9,3,3,-1,-14
148,73,147,1,80,1,1,9,4,4,1,-13
149,76,148,1,95,4,3,9,7,7,1,-12
150,73,149,1,80,1,-3,9,4,4,-1,-13
151,69,150,1,80,9,-4,9,0,0,-1,-14
152,74,151,1,105,2,5,9,5,5,1,-13
153,69,152,1,80,9,-5,9,0,0,-1,-14
154,74,153,1,80,2,5,9,5,5,1,-13
155,74,154,1,95,2,0,9,5,5,0,-13
156,81,155,1,80,9,7,9,12,0,1,-12
157,81,156,1,80,9,0,9,12,0,0,-12
158,73,157,1,105,1,-8,9,4,4,-1,-13
159,72,158,1,80,0,-1,9,3,3,-1,-14
160,73,159,1,80,1,1,9,4,4,1,-13
161,76,160,1,95,4,3,9,7,7,1,-12
162,73,161,1,80,1,-3,9,4,4,-1,-13
163,69,162,1,80,9,-4,9,0,0,-1,-14
164,74,163,1,105,2,5,9,5,5,1,-13
165,73,164,1,80,1,-1,9,4,4,-1,-14
166,74,165,1,80,2,1,9,5,5,1,-13
167,71,166,2,95,11,-3,9,2,2,-1,-14
168,71,168,1,80,11,0,9,2,2,0,-14
169,73,169,1,105,1,2,9,4,4,1,-13
170,72,170,1,80,0,-1,9,3,3,-1,-14
171,73,171,1,80,1,1,9,4,4,1,-13
172,76,172,1,95,4,3,9,7,7,1,-12
173,73,173,1,80,1,-3,9,4,4,-1,-13
174,69,174,1,80,9,-4,9,0,0,-1,-14
175,74,175,1,105,2,5,9,5,5,1,-13
176,69,176,1,80,9,-5,9,0,0,-1,-14
177,74,177,1,80,2,5,9,5,5,1,-13
178,74,178,1,95,2,0,9,5,5,0,-13
179,81,179,1,80,9,7,9,12,0,1,-12
180,81,180,1,80,9,0,9,12,0,0,-12
181,73,181,1,105,1,-8,9,4,4,-1,-13
182,74,182,0,80,2,1,9,5,5,1,-12
183,76,182,0,80,4,2,9,7,7,1,-11
184,73,183,1,80,1,-3,9,4,4,-1,-12
185,71,184,1,95,11,-2,9,2,2,-1,-13
186,69,185,1,80,9,-2,9,0,0,-1,-14
187,71,186,1,80,11,2,9,2,2,1,-13
188,73,187,1,105,1,2,9,4,4,1,-12
189,69,188,1,80,9,-4,9,0,0,-1,-13
190,69,189,1,80,9,0,9,0,0,0,-13
191,69,190,2,95,9,0,9,0,0,0,-13
