,midi_note,onset,duration,velocity,pitch_class,interval,root,relative_pitch,relative_pitch_class,parsons_code,parsons_cumsum
0,76,0,1,105,4,0,4,12,0,0,0
1,74,1,1,105,2,-2,4,10,10,-1,-1
2,71,2,1,80,11,-3,4,7,7,-1,-2
3,67,3,1,80,7,-4,4,3,3,-1,-3
4,67,4,1,95,7,0,4,3,3,0,-3
5,71,5,1,80,11,4,4,7,7,1,-2
6,67,6,1,80,7,-4,4,3,3,-1,-3
7,74,7,1,105,2,7,4,10,10,1,-2
8,71,8,1,80,11,-3,4,7,7,-1,-3
9,67,9,1,80,7,-4,4,3,3,-1,-4
10,67,10,2,95,7,0,4,3,3,0,-4
11,79,12,1,80,7,12,4,15,3,1,-3
12,74,13,1,105,2,-5,4,10,10,-1,-4
13,71,14,1,80,11,-3,4,7,7,-1,-5
14,67,15,1,80,7,-4,4,3,3,-1,-6
15,67,16,1,95,7,0,4,3,3,0,-6
16,66,17,1,80,6,-1,4,2,2,-1,-7
17,67,18,1,80,7,1,4,3,3,1,-6
18,64,19,1,105,4,-3,4,0,0,-1,-7
19,69,20,1,80,9,5,4,5,5,1,-6
20,69,21,1,80,9,0,4,5,5,0,-6
21,69,22,1,95,9,0,4,5,5,0,-6
22,71,23,1,80,11,2,4,7,7,1,-5
23,72,24,1,80,0,1,4,8,8,1,-4
24,74,25,1,105,2,2,4,10,10,1,-3
25,71,26,1,80,11,-3,4,7,7,-1,-4
26,67,27,1,80,7,-4,4,3,3,-1,-5
27,67,28,1,95,7,0,4,3,3,0,-5
28,71,29,1,80,11,4,4,7,7,1,-4
29,67,30,1,80,7,-4,4,3,3,-1,-5
30,74,31,1,105,2,7,4,10,10,1,-4
31,71,32,1,80,11,-3,4,7,7,-1,-5
32,67,33,1,80,7,-4,4,3,3,-1,-6
33,67,34,2,95,7,0,4,3,3,0,-6
34,79,36,1,80,7,12,4,15,3,1,-5
35,76,37,1,105,4,-3,4,12,0,-1,-6
36,74,38,1,80,2,-2,4,10,10,-1,-7
37,72,39,1,80,0,-2,4,8,8,-1,-8
38,71,40,1,95,11,-1,4,7,7,-1,-9
39,69,41,1,80,9,-2,4,5,5,-1,-10
40,71,42,1,80,11,2,4,7,7,1,-9
41,67,43,1,105,7,-4,4,3,3,-1,-10
42,66,44,1,80,6,-1,4,2,2,-1,-11
43,67,45,1,80,7,1,4,3,3,1,-10
44,64,46,2,95,4,-3,4,0,0,-1,-11
45,76,48,1,80,4,12,4,12,0,1,-10
46,74,49,1,105,2,-2,4,10,10,-1,-11
47,71,50,1,80,11,-3,4,7,7,-1,-12
48,67,51,1,80,7,-4,4,3,3,-1,-13
49,67,52,1,95,7,0,4,3,3,0,-13
50,71,53,1,80,11,4,4,7,7,1,-12
51,67,54,1,80,7,-4,4,3,3,-1,-13
52,74,55,1,105,2,7,4,10,10,1,-12
53,71,56,1,80,11,-3,4,7,7,-1,-13
54,67,57,1,80,7,-4,4,3,3,-1,-14
55,67,58,2,95,7,0,4,3,3,0,-14
56,79,60,1,80,7,12,4,15,3,1,-13
57,74,61,1,105,2,-5,4,10,10,-1,-14
58,71,62,1,80,11,-3,4,7,7,-1,-15
59,67,63,1,80,7,-4,4,3,3,-1,-16
60,67,64,1,95,7,0,4,3,3,0,-16
61,66,65,1,80,6,-1,4,2,2,-1,-17
62,67,66,1,80,7,1,4,3,3,1,-16
63,64,67,1,105,4,-3,4,0,0,-1,-17
64,69,68,1,80,9,5,4,5,5,1,-16
65,69,69,1,80,9,0,4,5,5,0,-16
66,69,70,1,95,9,0,4,5,5,0,-16
67,71,71,1,80,11,2,4,7,7,1,-15
68,72,72,1,80,0,1,4,8,8,1,-14
69,74,73,1,105,2,2,4,10,10,1,-13
70,71,74,1,80,11,-3,4,7,7,-1,-14
71,67,75,1,80,7,-4,4,3,3,-1,-15
72,67,76,1,95,7,0,4,3,3,0,-15
73,71,77,1,80,11,4,4,7,7,1,-14
74,67,78,1,80,7,-4,4,3,3,-1,-15
75,74,79,1,105,2,7,4,10,10,1,-14
76,71,80,1,80,11,-3,4,7,7,-1,-15
77,67,81,1,80,7,-4,4,3,3,-1,-16
78,67,82,2,95,7,0,4,3,3,0,-16
79,79,84,1,80,7,12,4,15,3,1,-15
80,76,85,1,105,4,-3,4,12,0,-1,-16
81,74,86,1,80,2,-2,4,10,10,-1,-17
82,72,87,1,80,0,-2,4,8,8,-1,-18
83,71,88,1,95,11,-1,4,7,7,-1,-19
84,69,89,1,80,9,-2,4,5,5,-1,-20
85,71,90,1,80,11,2,4,7,7,1,-19
86,67,91,1,105,7,-4,4,3,3,-1,-20
87,66,92,1,80,6,-1,4,2,2,-1,-21
88,67,93,1,80,7,1,4,3,3,1,-20
89,64,94,2,95,4,-3,4,0,0,-1,-21
90,62,96,1,80,2,-2,4,-2,10,-1,-22
91,64,97,1,105,4,2,4,0,0,1,-21
92,76,98,1,80,4,12,4,12,0,1,-20
93,76,99,1,80,4,0,4,12,0,0,-20
94,76,100,1,95,4,0,4,12,0,0,-20
95,78,101,1,80,6,2,4,14,2,1,-19
96,79,102,1,80,7,1,4,15,3,1,-18
97,78,103,1,105,6,-1,4,14,2,-1,-19
98,76,104,1,80,4,-2,4,12,0,-1,-20
99,78,105,1,80,6,2,4,14,2,1,-19
100,74,106,1,95,2,-4,4,10,10,-1,-20
101,76,107,1,80,4,2,4,12,0,1,-19
102,78,108,1,80,6,2,4,14,2,1,-18
103,79,109,1,105,7,1,4,15,3,1,-17
104,78,110,1,80,6,-1,4,14,2,-1,-18
105,79,111,1,80,7,1,4,15,3,1,-17
106,76,112,1,95,4,-3,4,12,0,-1,-18
107,78,113,1,80,6,2,4,14,2,1,-17
108,79,114,1,80,7,1,4,15,3,1,-16
109,81,115,1,105,9,2,4,17,5,1,-15
110,78,116,1,80,6,-3,4,14,2,-1,-16
111,74,117,1,80,2,-4,4,10,10,-1,-17
112,74,118,1,95,2,0,4,10,10,0,-17
113,76,119,1,80,4,2,4,12,0,1,-16
114,78,120,1,80,6,2,4,14,2,1,-15
115,79,121,1,105,7,1,4,15,3,1,-14
116,83,122,1,80,11,4,4,19,7,1,-13
117,79,123,1,80,7,-4,4,15,3,-1,-14
118,78,124,1,95,6,-1,4,14,2,-1,-15
119,81,125,1,80,9,3,4,17,5,1,-14
120,78,126,1,80,6,-3,4,14,2,-1,-15
121,76,127,1,105,4,-2,4,12,0,-1,-16
122,74,128,1,80,2,-2,4,10,10,-1,-17
123,71,129,1,80,11,-3,4,7,7,-1,-18
124,79,130,1,95,7,8,4,15,3,1,-17
125,78,131,1,80,6,-1,4,14,2,-1,-18
126,79,132,1,80,7,1,4,15,3,1,-17
127,76,133,1,105,4,-3,4,12,0,-1,-18
128,74,134,1,80,2,-2,4,10,10,-1,-19
129,72,135,1,80,0,-2,4,8,8,-1,-20
130,71,136,1,95,11,-1,4,7,7,-1,-21
131,69,137,1,80,9,-2,4,5,5,-1,-22
132,71,138,1,80,11,2,4,7,7,1,-21
133,67,139,1,105,7,-4,4,3,3,-1,-22
134,66,140,1,80,6,-1,4,2,2,-1,-23
135,67,141,1,80,7,1,4,3,3,1,-22
136,64,142,2,95,4,-3,4,0,0,-1,-23
137,62,144,1,80,2,-2,4,-2,10,-1,-24
138,64,145,1,105,4,2,4,0,0,1,-23
139,76,146,1,80,4,12,4,12,0,1,-22
140,76,147,1,80,4,0,4,12,0,0,-22
141,76,148,1,95,4,0,4,12,0,0,-22
142,78,149,1,80,6,2,4,14,2,1,-21
143,79,150,1,80,7,1,4,15,3,1,-20
144,78,151,1,105,6,-1,4,14,2,-1,-21
145,76,152,1,80,4,-2,4,12,0,-1,-22
146,78,153,1,80,6,2,4,14,2,1,-21
147,74,154,1,95,2,-4,4,10,10,-1,-22
148,76,155,1,80,4,2,4,12,0,1,-21
149,78,156,1,80,6,2,4,14,2,1,-20
150,79,157,1,105,7,1,4,15,3,1,-19
151,78,158,1,80,6,-1,4,14,2,-1,-20
152,79,159,1,80,7,1,4,15,3,1,-19
153,76,160,1,95,4,-3,4,12,0,-1,-20
154,78,161,1,80,6,2,4,14,2,1,-19
155,79,162,1,80,7,1,4,15,3,1,-18
156,81,163,1,105,9,2,4,17,5,1,-17
157,78,164,1,80,6,-3,4,14,2,-1,-18
158,74,165,1,80,2,-4,4,10,10,-1,-19
159,74,166,1,95,2,0,4,10,10,0,-19
160,76,167,1,80,4,2,4,12,0,1,-18
161,78,168,1,80,6,2,4,14,2,1,-17
162,79,169,1,105,7,1,4,15,3,1,-16
163,83,170,1,80,11,4,4,19,7,1,-15
164,79,171,1,80,7,-4,4,15,3,-1,-16
165,78,172,1,95,6,-1,4,14,2,-1,-17
166,81,173,1,80,9,3,4,17,5,1,-16
167,78,174,1,80,6,-3,4,14,2,-1,-17
168,76,175,1,105,4,-2,4,12,0,-1,-18
169,74,176,1,80,2,-2,4,10,10,-1,-19
170,71,177,1,80,11,-3,4,7,7,-1,-20
171,79,178,1,95,7,8,4,15,3,1,-19
172,78,179,1,80,6,-1,4,14,2,-1,-20
173,79,180,1,80,7,1,4,15,3,1,-19
174,76,181,1,105,4,-3,4,12,0,-1,-20
175,74,182,1,80,2,-2,4,10,10,-1,-21
176,72,183,1,80,0,-2,4,8,8,-1,-22
177,71,184,1,95,11,-1,4,7,7,-1,-23
178,69,185,1,80,9,-2,4,5,5,-1,-24
179,71,186,1,80,11,2,4,7,7,1,-23
180,67,187,1,105,7,-4,4,3,3,-1,-24
181,66,188,1,80,6,-1,4,2,2,-1,-25
182,67,189,1,80,7,1,4,3,3,1,-24
183,64,190,2,95,4,-3,4,0,0,-1,-25
