,midi_note,onset,duration,velocity,pitch_class,interval,root,relative_pitch,relative_pitch_class,parsons_code,parsons_cumsum
0,76,0,2,105,4,0,7,9,9,0,0
1,76,2,1,80,4,0,7,9,9,0,0
2,78,3,1,80,6,2,7,11,11,1,1
3,76,4,2,95,4,-2,7,9,9,-1,0
4,74,6,1,80,2,-2,7,7,7,-1,-1
5,71,7,1,80,11,-3,7,4,4,-1,-2
6,67,8,2,105,7,-4,7,0,0,-1,-3
7,71,10,1,80,11,4,7,4,4,1,-2
8,67,11,1,80,7,-4,7,0,0,-1,-3
9,74,12,1,95,2,7,7,7,7,1,-2
10,71,13,1,80,11,-3,7,4,4,-1,-3
11,67,14,1,80,7,-4,7,0,0,-1,-4
12,71,15,1,80,11,4,7,4,4,1,-3
13,76,16,2,105,4,5,7,9,9,1,-2
14,76,18,1,80,4,0,7,9,9,0,-2
15,74,19,1,80,2,-2,7,7,7,-1,-3
16,76,20,2,95,4,2,7,9,9,1,-2
17,79,22,1,80,7,3,7,12,0,1,-1
18,76,23,1,80,4,-3,7,9,9,-1,-2
19,74,24,1,105,2,-2,7,7,7,-1,-3
20,72,25,1,80,0,-2,7,5,5,-1,-4
21,71,26,1,80,11,-1,7,4,4,-1,-5
22,67,27,1,80,7,-4,7,0,0,-1,-6
23,69,28,1,95,9,2,7,2,2,1,-5
24,71,29,1,80,11,2,7,4,4,1,-4
25,72,30,1,80,0,1,7,5,5,1,-3
26,74,31,1,80,2,2,7,7,7,1,-2
27,76,32,2,105,4,2,7,9,9,1,-1
28,74,34,1,80,2,-2,7,7,7,-1,-2
29,76,35,1,80,4,2,7,9,9,1,-1
30,76,36,2,95,4,0,7,9,9,0,-1
31,74,38,1,80,2,-2,7,7,7,-1,-2
32,71,39,1,80,11,-3,7,4,4,-1,-3
33,67,40,1,105,7,-4,7,0,0,-1,-4
34,69,41,1,80,9,2,7,2,2,1,-3
35,71,42,1,80,11,2,7,4,4,1,-2
36,74,43,1,80,2,3,7,7,7,1,-1
37,74,44,1,95,2,0,7,7,7,0,-1
38,71,45,1,80,11,-3,7,4,4,-1,-2
39,67,46,1,80,7,-4,7,0,0,-1,-3
40,71,47,1,80,11,4,7,4,4,1,-2
41,72,48,3,105,0,1,7,5,5,1,-1
42,69,51,1,80,9,-3,7,2,2,-1,-2
43,71,52,1,95,11,2,7,4,4,1,-1
44,69,53,1,80,9,-2,7,2,2,-1,-2
45,67,54,1,80,7,-2,7,0,0,-1,-3
46,69,55,1,80,9,2,7,2,2,1,-2
47,71,56,2,105,11,2,7,4,4,1,-1
48,69,58,1,80,9,-2,7,2,2,-1,-2
49,67,59,1,80,7,-2,7,0,0,-1,-3
50,64,60,1,95,4,-3,7,-3,9,-1,-4
51,67,61,1,80,7,3,7,0,0,1,-3
52,69,62,1,80,9,2,7,2,2,1,-2
53,71,63,1,80,11,2,7,4,4,1,-1
54,72,64,2,105,0,1,7,5,5,1,0
55,79,66,1,80,7,7,7,12,0,1,1
56,72,67,1,80,0,-7,7,5,5,-1,0
57,81,68,1,95,9,9,7,14,2,1,1
58,72,69,1,80,0,-9,7,5,5,-1,0
59,79,70,1,80,7,7,7,12,0,1,1
60,72,71,1,80,0,-7,7,5,5,-1,0
61,72,72,2,105,0,0,7,5,5,0,0
62,81,74,1,80,9,9,7,14,2,1,1
63,79,75,1,80,7,-2,7,12,0,-1,0
64,79,76,1,95,7,0,7,12,0,0,0
65,76,77,1,80,4,-3,7,9,9,-1,-1
66,74,78,1,80,2,-2,7,7,7,-1,-2
67,71,79,1,80,11,-3,7,4,4,-1,-3
68,72,80,2,105,0,1,7,5,5,1,-2
69,79,82,1,80,7,7,7,12,0,1,-1
70,72,83,1,80,0,-7,7,5,5,-1,-2
71,81,84,1,95,9,9,7,14,2,1,-1
72,72,85,1,80,0,-9,7,5,5,-1,-2
73,76,86,1,80,4,4,7,9,9,1,-1
74,79,87,1,80,7,3,7,12,0,1,0
75,76,88,1,105,4,-3,7,9,9,-1,-1
76,81,89,1,80,9,5,7,14,2,1,0
77,81,90,1,80,9,0,7,14,2,0,0
78,79,91,1,80,7,-2,7,12,0,-1,-1
79,81,92,1,95,9,2,7,14,2,1,0
80,76,93,1,80,4,-5,7,9,9,-1,-1
81,74,94,1,80,2,-2,7,7,7,-1,-2
82,71,95,1,80,11,-3,7,4,4,-1,-3
83,72,96,2,105,0,1,7,5,5,1,-2
84,79,98,1,80,7,7,7,12,0,1,-1
85,72,99,1,80,0,-7,7,5,5,-1,-2
86,81,100,1,95,9,9,7,14,2,1,-1
87,72,101,1,80,0,-9,7,5,5,-1,-2
88,79,102,1,80,7,7,7,12,0,1,-1
89,72,103,1,80,0,-7,7,5,5,-1,-2
90,72,104,2,105,0,0,7,5,5,0,-2
91,81,106,1,80,9,9,7,14,2,1,-1
92,79,107,1,80,7,-2,7,12,0,-1,-2
93,79,108,1,95,7,0,7,12,0,0,-2
94,76,109,1,80,4,-3,7,9,9,-1,-3
95,74,110,1,80,2,-2,7,7,7,-1,-4
96,71,111,1,80,11,-3,7,4,4,-1,-5
97,72,112,2,105,0,1,7,5,5,1,-4
98,72,114,1,80,0,0,7,5,5,0,-4
99,69,115,1,80,9,-3,7,2,2,-1,-5
100,71,116,0,95,11,2,7,4,4,1,-4
101,72,116,0,80,0,1,7,5,5,1,-3
102,74,117,0,80,2,2,7,7,7,1,-2
103,76,118,1,80,4,2,7,9,9,1,-1
104,78,119,1,80,6,2,7,11,11,1,0
105,79,120,2,105,7,1,7,12,0,1,1
106,81,122,1,80,9,2,7,14,2,1,2
107,79,123,1,80,7,-2,7,12,0,-1,1
108,79,124,1,95,7,0,7,12,0,0,1
109,76,125,1,80,4,-3,7,9,9,-1,0
110,74,126,1,80,2,-2,7,7,7,-1,-1
111,71,127,1,80,11,-3,7,4,4,-1,-2
112,69,128,8,105,9,-2,7,2,2,-1,-3
113,45,0,1,80,9,-24,7,-22,2,-1,-4
114,57,2,1,75,9,12,7,-10,2,1,-3
115,45,4,1,80,9,-12,7,-22,2,-1,-4
116,57,6,1,75,9,12,7,-10,2,1,-3
117,45,8,1,80,9,-12,7,-22,2,-1,-4
118,57,10,1,75,9,12,7,-10,2,1,-3
119,45,12,1,80,9,-12,7,-22,2,-1,-4
120,57,14,1,75,9,12,7,-10,2,1,-3
121,45,16,1,80,9,-12,7,-22,2,-1,-4
122,57,18,1,75,9,12,7,-10,2,1,-3
123,45,20,1,80,9,-12,7,-22,2,-1,-4
124,57,22,1,75,9,12,7,-10,2,1,-3
125,45,24,1,80,9,-12,7,-22,2,-1,-4
126,57,26,1,75,9,12,7,-10,2,1,-3
127,45,28,1,80,9,-12,7,-22,2,-1,-4
128,57,30,1,75,9,12,7,-10,2,1,-3
129,45,32,1,80,9,-12,7,-22,2,-1,-4
130,57,34,1,75,9,12,7,-10,2,1,-3
131,45,36,1,80,9,-12,7,-22,2,-1,-4
132,57,38,1,75,9,12,7,-10,2,1,-3
133,45,40,1,80,9,-12,7,-22,2,-1,-4
134,57,42,1,75,9,12,7,-10,2,1,-3
135,45,44,1,80,9,-12,7,-22,2,-1,-4
136,57,46,1,75,9,12,7,-10,2,1,-3
137,45,48,1,80,9,-12,7,-22,2,-1,-4
138,57,50,1,75,9,12,7,-10,2,1,-3
139,45,52,1,80,9,-12,7,-22,2,-1,-4
140,57,54,1,75,9,12,7,-10,2,1,-3
141,45,56,1,80,9,-12,7,-22,2,-1,-4
142,57,58,1,75,9,12,7,-10,2,1,-3
143,45,60,1,80,9,-12,7,-22,2,-1,-4
144,57,62,1,75,9,12,7,-10,2,1,-3
145,45,64,1,80,9,-12,7,-22,2,-1,-4
146,57,66,1,75,9,12,7,-10,2,1,-3
147,45,68,1,80,9,-12,7,-22,2,-1,-4
148,57,70,1,75,9,12,7,-10,2,1,-3
149,45,72,1,80,9,-12,7,-22,2,-1,-4
150,57,74,1,75,9,12,7,-10,2,1,-3
151,45,76,1,80,9,-12,7,-22,2,-1,-4
152,57,78,1,75,9,12,7,-10,2,1,-3
153,45,80,1,80,9,-12,7,-22,2,-1,-4
154,57,82,1,75,9,12,7,-10,2,1,-3
155,45,84,1,80,9,-12,7,-22,2,-1,-4
156,57,86,1,75,9,12,7,-10,2,1,-3
157,45,88,1,80,9,-12,7,-22,2,-1,-4
158,57,90,1,75,9,12,7,-10,2,1,-3
159,45,92,1,80,9,-12,7,-22,2,-1,-4
160,57,94,1,75,9,12,7,-10,2,1,-3
161,45,96,1,80,9,-12,7,-22,2,-1,-4
162,57,98,1,75,9,12,7,-10,2,1,-3
163,45,100,1,80,9,-12,7,-22,2,-1,-4
164,57,102,1,75,9,12,7,-10,2,1,-3
165,45,104,1,80,9,-12,7,-22,2,-1,-4
166,57,106,1,75,9,12,7,-10,2,1,-3
167,45,108,1,80,9,-12,7,-22,2,-1,-4
168,57,110,1,75,9,12,7,-10,2,1,-3
169,45,112,1,80,9,-12,7,-22,2,-1,-4
170,57,114,1,75,9,12,7,-10,2,1,-3
171,45,116,1,80,9,-12,7,-22,2,-1,-4
172,57,118,1,75,9,12,7,-10,2,1,-3
173,45,120,1,80,9,-12,7,-22,2,-1,-4
174,57,122,1,75,9,12,7,-10,2,1,-3
175,45,124,1,80,9,-12,7,-22,2,-1,-4
176,57,126,1,75,9,12,7,-10,2,1,-3
177,45,128,1,80,9,-12,7,-22,2,-1,-4
178,57,130,1,75,9,12,7,-10,2,1,-3
179,45,132,1,80,9,-12,7,-22,2,-1,-4
180,57,134,1,75,9,12,7,-10,2,1,-3
