,midi_note,onset,duration,velocity,pitch_class,interval,root,relative_pitch,relative_pitch_class,parsons_code,parsons_cumsum
0,74,0,1,105,2,0,7,7,7,0,0
1,72,1,1,80,0,-2,7,5,5,-1,-1
2,69,2,1,80,9,-3,7,2,2,-1,-2
3,71,3,1,80,11,2,7,4,4,1,-1
4,72,4,2,95,0,1,7,5,5,1,0
5,71,6,1,80,11,-1,7,4,4,-1,-1
6,69,7,1,80,9,-2,7,2,2,-1,-2
7,67,8,1,105,7,-2,7,0,0,-1,-3
8,64,9,1,80,4,-3,7,-3,9,-1,-4
9,64,10,1,80,4,0,7,-3,9,0,-4
10,62,11,1,80,2,-2,7,-5,7,-1,-5
11,72,12,1,95,0,10,7,5,5,1,-4
12,71,13,1,80,11,-1,7,4,4,-1,-5
13,72,14,1,80,0,1,7,5,5,1,-4
14,76,15,1,80,4,4,7,9,9,1,-3
15,74,16,1,105,2,-2,7,7,7,-1,-4
16,72,17,1,80,0,-2,7,5,5,-1,-5
17,69,18,1,80,9,-3,7,2,2,-1,-6
18,71,19,1,80,11,2,7,4,4,1,-5
19,72,20,2,95,0,1,7,5,5,1,-4
20,71,22,1,80,11,-1,7,4,4,-1,-5
21,69,23,1,80,9,-2,7,2,2,-1,-6
22,67,24,1,105,7,-2,7,0,0,-1,-7
23,64,25,1,80,4,-3,7,-3,9,-1,-8
24,72,26,1,80,0,8,7,5,5,1,-7
25,64,27,1,80,4,-8,7,-3,9,-1,-8
26,64,28,1,95,4,0,7,-3,9,0,-8
27,62,29,1,80,2,-2,7,-5,7,-1,-9
28,62,30,2,80,2,0,7,-5,7,0,-9
29,74,32,1,105,2,12,7,7,7,1,-8
30,72,33,1,80,0,-2,7,5,5,-1,-9
31,69,34,1,80,9,-3,7,2,2,-1,-10
32,71,35,1,80,11,2,7,4,4,1,-9
33,72,36,2,95,0,1,7,5,5,1,-8
34,69,38,1,80,9,-3,7,2,2,-1,-9
35,67,39,1,105,7,-2,7,0,0,-1,-10
36,64,40,1,80,4,-3,7,-3,9,-1,-11
37,64,41,1,80,4,0,7,-3,9,0,-11
38,62,42,1,80,2,-2,7,-5,7,-1,-12
39,72,43,3,95,0,10,7,5,5,1,-11
40,76,46,1,80,4,4,7,9,9,1,-10
41,74,47,1,105,2,-2,7,7,7,-1,-11
42,72,48,1,80,0,-2,7,5,5,-1,-12
43,69,49,1,80,9,-3,7,2,2,-1,-13
44,71,50,1,80,11,2,7,4,4,1,-12
45,72,51,2,95,0,1,7,5,5,1,-11
46,69,53,1,80,9,-3,7,2,2,-1,-12
47,67,54,1,105,7,-2,7,0,0,-1,-13
48,64,55,1,80,4,-3,7,-3,9,-1,-14
49,72,56,1,80,0,8,7,5,5,1,-13
50,64,57,1,80,4,-8,7,-3,9,-1,-14
51,64,58,1,95,4,0,7,-3,9,0,-14
52,62,59,1,80,2,-2,7,-5,7,-1,-15
53,62,60,2,80,2,0,7,-5,7,0,-15
54,74,62,1,105,2,12,7,7,7,1,-14
55,72,63,1,80,0,-2,7,5,5,-1,-15
56,69,64,1,80,9,-3,7,2,2,-1,-16
57,71,65,1,80,11,2,7,4,4,1,-15
58,72,66,2,95,0,1,7,5,5,1,-14
59,71,68,1,80,11,-1,7,4,4,-1,-15
60,69,69,1,80,9,-2,7,2,2,-1,-16
61,67,70,1,105,7,-2,7,0,0,-1,-17
62,64,71,1,80,4,-3,7,-3,9,-1,-18
63,64,72,1,80,4,0,7,-3,9,0,-18
64,62,73,1,80,2,-2,7,-5,7,-1,-19
65,72,74,1,95,0,10,7,5,5,1,-18
66,71,75,1,80,11,-1,7,4,4,-1,-19
67,72,76,1,80,0,1,7,5,5,1,-18
68,76,77,1,80,4,4,7,9,9,1,-17
69,74,78,1,105,2,-2,7,7,7,-1,-18
70,72,79,1,80,0,-2,7,5,5,-1,-19
71,69,80,1,80,9,-3,7,2,2,-1,-20
72,71,81,1,80,11,2,7,4,4,1,-19
73,72,82,2,95,0,1,7,5,5,1,-18
74,71,84,1,80,11,-1,7,4,4,-1,-19
75,69,85,1,80,9,-2,7,2,2,-1,-20
76,67,86,1,105,7,-2,7,0,0,-1,-21
77,64,87,1,80,4,-3,7,-3,9,-1,-22
78,72,88,1,80,0,8,7,5,5,1,-21
79,64,89,1,80,4,-8,7,-3,9,-1,-22
80,64,90,1,95,4,0,7,-3,9,0,-22
81,62,91,1,80,2,-2,7,-5,7,-1,-23
82,62,92,2,80,2,0,7,-5,7,0,-23
83,74,94,1,105,2,12,7,7,7,1,-22
84,72,95,1,80,0,-2,7,5,5,-1,-23
85,69,96,1,80,9,-3,7,2,2,-1,-24
86,71,97,1,80,11,2,7,4,4,1,-23
87,72,98,2,95,0,1,7,5,5,1,-22
88,69,100,1,80,9,-3,7,2,2,-1,-23
89,67,101,1,105,7,-2,7,0,0,-1,-24
90,64,102,1,80,4,-3,7,-3,9,-1,-25
91,64,103,1,80,4,0,7,-3,9,0,-25
92,62,104,1,80,2,-2,7,-5,7,-1,-26
93,72,105,3,95,0,10,7,5,5,1,-25
94,76,108,1,80,4,4,7,9,9,1,-24
95,74,109,1,105,2,-2,7,7,7,-1,-25
96,72,110,1,80,0,-2,7,5,5,-1,-26
97,69,111,1,80,9,-3,7,2,2,-1,-27
98,71,112,1,80,11,2,7,4,4,1,-26
99,72,113,2,95,0,1,7,5,5,1,-25
100,69,115,1,80,9,-3,7,2,2,-1,-26
101,67,116,1,105,7,-2,7,0,0,-1,-27
102,64,117,1,80,4,-3,7,-3,9,-1,-28
103,72,118,1,80,0,8,7,5,5,1,-27
104,64,119,1,80,4,-8,7,-3,9,-1,-28
105,64,120,1,95,4,0,7,-3,9,0,-28
106,62,121,1,80,2,-2,7,-5,7,-1,-29
107,62,122,2,80,2,0,7,-5,7,0,-29
108,69,124,1,105,9,7,7,2,2,1,-28
109,74,125,1,80,2,5,7,7,7,1,-27
110,74,126,1,80,2,0,7,7,7,0,-27
111,76,127,1,80,4,2,7,9,9,1,-26
112,78,128,1,95,6,2,7,11,11,1,-25
113,79,129,1,80,7,1,7,12,0,1,-24
114,76,130,1,80,4,-3,7,9,9,-1,-25
115,74,131,1,80,2,-2,7,7,7,-1,-26
116,72,132,1,105,0,-2,7,5,5,-1,-27
117,71,133,1,80,11,-1,7,4,4,-1,-28
118,72,134,1,80,0,1,7,5,5,1,-27
119,81,135,1,80,9,9,7,14,2,1,-26
120,79,136,1,95,7,-2,7,12,0,-1,-27
121,72,137,1,80,0,-7,7,5,5,-1,-28
122,76,138,1,80,4,4,7,9,9,1,-27
123,72,139,1,80,0,-4,7,5,5,-1,-28
124,69,140,1,105,9,-3,7,2,2,-1,-29
125,74,141,3,80,2,5,7,7,7,1,-28
126,76,144,1,95,4,2,7,9,9,1,-27
127,74,145,1,80,2,-2,7,7,7,-1,-28
128,72,146,1,80,0,-2,7,5,5,-1,-29
129,74,147,1,80,2,2,7,7,7,1,-28
130,76,148,1,105,4,2,7,9,9,1,-27
131,81,149,1,80,9,5,7,14,2,1,-26
132,81,150,1,80,9,0,7,14,2,0,-26
133,79,151,1,80,7,-2,7,12,0,-1,-27
134,76,152,1,95,4,-3,7,9,9,-1,-28
135,74,153,1,80,2,-2,7,7,7,-1,-29
136,72,154,1,80,0,-2,7,5,5,-1,-30
137,69,155,1,80,9,-3,7,2,2,-1,-31
138,74,156,2,105,2,5,7,7,7,1,-30
139,74,158,1,80,2,0,7,7,7,0,-30
140,76,159,1,80,4,2,7,9,9,1,-29
141,78,160,1,95,6,2,7,11,11,1,-28
142,79,161,1,80,7,1,7,12,0,1,-27
143,76,162,1,80,4,-3,7,9,9,-1,-28
144,74,163,1,80,2,-2,7,7,7,-1,-29
145,72,164,1,105,0,-2,7,5,5,-1,-30
146,69,165,1,80,9,-3,7,2,2,-1,-31
147,71,166,0,80,11,2,7,4,4,1,-30
148,72,166,0,80,0,1,7,5,5,1,-29
149,74,167,0,80,2,2,7,7,7,1,-28
150,76,168,1,95,4,2,7,9,9,1,-27
151,78,169,1,80,6,2,7,11,11,1,-26
152,79,170,2,80,7,1,7,12,0,1,-25
153,81,172,1,105,9,2,7,14,2,1,-24
154,78,173,1,80,6,-3,7,11,11,-1,-25
155,79,174,1,80,7,1,7,12,0,1,-24
156,76,175,1,80,4,-3,7,9,9,-1,-25
157,74,176,2,95,2,-2,7,7,7,-1,-26
158,76,178,1,80,4,2,7,9,9,1,-25
159,74,179,1,80,2,-2,7,7,7,-1,-26
160,72,180,1,105,0,-2,7,5,5,-1,-27
161,69,181,1,80,9,-3,7,2,2,-1,-28
162,67,182,1,80,7,-2,7,0,0,-1,-29
163,64,183,1,80,4,-3,7,-3,9,-1,-30
164,64,184,1,95,4,0,7,-3,9,0,-30
165,62,185,1,80,2,-2,7,-5,7,-1,-31
166,62,186,2,80,2,0,7,-5,7,0,-31
167,69,188,1,105,9,7,7,2,2,1,-30
168,74,189,1,80,2,5,7,7,7,1,-29
169,74,190,1,80,2,0,7,7,7,0,-29
170,76,191,1,80,4,2,7,9,9,1,-28
171,78,192,2,95,6,2,7,11,11,1,-27
172,76,194,1,80,4,-2,7,9,9,-1,-28
173,74,195,1,80,2,-2,7,7,7,-1,-29
174,72,196,1,105,0,-2,7,5,5,-1,-30
175,74,197,0,80,2,2,7,7,7,1,-29
176,72,197,0,80,0,-2,7,5,5,-1,-30
177,71,198,0,80,11,-1,7,4,4,-1,-31
178,72,198,0,80,0,1,7,5,5,1,-30
179,69,199,1,80,9,-3,7,2,2,-1,-31
180,79,200,1,95,7,10,7,12,0,1,-30
181,72,201,1,80,0,-7,7,5,5,-1,-31
182,76,202,1,80,4,4,7,9,9,1,-30
183,72,203,1,80,0,-4,7,5,5,-1,-31
184,69,204,1,105,9,-3,7,2,2,-1,-32
185,74,205,1,80,2,5,7,7,7,1,-31
186,76,206,0,80,4,2,7,9,9,1,-30
187,74,206,1,80,2,-2,7,7,7,-1,-31
188,76,208,1,95,4,2,7,9,9,1,-30
189,74,209,1,80,2,-2,7,7,7,-1,-31
190,72,210,1,80,0,-2,7,5,5,-1,-32
191,74,211,1,80,2,2,7,7,7,1,-31
192,76,212,1,105,4,2,7,9,9,1,-30
193,81,213,1,80,9,5,7,14,2,1,-29
194,81,214,1,80,9,0,7,14,2,0,-29
195,79,215,1,80,7,-2,7,12,0,-1,-30
196,76,216,1,95,4,-3,7,9,9,-1,-31
197,74,217,1,80,2,-2,7,7,7,-1,-32
198,72,218,1,80,0,-2,7,5,5,-1,-33
199,69,219,1,80,9,-3,7,2,2,-1,-34
200,74,220,3,105,2,5,7,7,7,1,-33
201,69,223,1,80,9,-5,7,2,2,-1,-34
202,78,224,1,95,6,9,7,11,11,1,-33
203,79,225,1,80,7,1,7,12,0,1,-32
204,76,226,1,80,4,-3,7,9,9,-1,-33
205,74,227,1,80,2,-2,7,7,7,-1,-34
206,72,228,1,105,0,-2,7,5,5,-1,-35
207,74,229,0,80,2,2,7,7,7,1,-34
208,72,229,0,80,0,-2,7,5,5,-1,-35
209,71,230,0,80,11,-1,7,4,4,-1,-36
210,72,230,0,80,0,1,7,5,5,1,-35
211,74,231,1,80,2,2,7,7,7,1,-34
212,76,232,1,95,4,2,7,9,9,1,-33
213,78,233,1,80,6,2,7,11,11,1,-32
214,79,234,2,80,7,1,7,12,0,1,-31
215,81,236,1,105,9,2,7,14,2,1,-30
216,79,238,1,80,7,-2,7,12,0,-1,-31
217,76,239,1,80,4,-3,7,9,9,-1,-32
218,78,240,1,95,6,2,7,11,11,1,-31
219,79,241,1,80,7,1,7,12,0,1,-30
220,76,242,1,80,4,-3,7,9,9,-1,-31
221,74,243,1,80,2,-2,7,7,7,-1,-32
222,72,244,1,105,0,-2,7,5,5,-1,-33
223,69,245,1,80,9,-3,7,2,2,-1,-34
224,67,246,1,80,7,-2,7,0,0,-1,-35
225,64,247,1,80,4,-3,7,-3,9,-1,-36
226,62,248,12,95,2,-2,7,-5,7,-1,-37
227,38,0,1,80,2,-24,7,-29,7,-1,-38
228,50,2,1,75,2,12,7,-17,7,1,-37
229,38,4,1,80,2,-12,7,-29,7,-1,-38
230,50,6,1,75,2,12,7,-17,7,1,-37
231,38,8,1,80,2,-12,7,-29,7,-1,-38
232,50,10,1,75,2,12,7,-17,7,1,-37
233,38,12,1,80,2,-12,7,-29,7,-1,-38
234,50,14,1,75,2,12,7,-17,7,1,-37
235,38,16,1,80,2,-12,7,-29,7,-1,-38
236,50,18,1,75,2,12,7,-17,7,1,-37
237,38,20,1,80,2,-12,7,-29,7,-1,-38
238,50,22,1,75,2,12,7,-17,7,1,-37
239,38,24,1,80,2,-12,7,-29,7,-1,-38
240,50,26,1,75,2,12,7,-17,7,1,-37
241,38,28,1,80,2,-12,7,-29,7,-1,-38
242,50,30,1,75,2,12,7,-17,7,1,-37
243,38,32,1,80,2,-12,7,-29,7,-1,-38
244,50,34,1,75,2,12,7,-17,7,1,-37
245,38,36,1,80,2,-12,7,-29,7,-1,-38
246,50,38,1,75,2,12,7,-17,7,1,-37
247,38,39,1,80,2,-12,7,-29,7,-1,-38
248,50,41,1,75,2,12,7,-17,7,1,-37
249,38,43,1,80,2,-12,7,-29,7,-1,-38
250,50,45,1,75,2,12,7,-17,7,1,-37
251,38,47,1,80,2,-12,7,-29,7,-1,-38
252,50,49,1,75,2,12,7,-17,7,1,-37
253,38,51,1,80,2,-12,7,-29,7,-1,-38
254,50,53,1,75,2,12,7,-17,7,1,-37
255,38,54,1,80,2,-12,7,-29,7,-1,-38
256,50,56,1,75,2,12,7,-17,7,1,-37
257,38,58,1,80,2,-12,7,-29,7,-1,-38
258,50,60,1,75,2,12,7,-17,7,1,-37
259,38,62,1,80,2,-12,7,-29,7,-1,-38
260,50,64,1,75,2,12,7,-17,7,1,-37
261,38,66,1,80,2,-12,7,-29,7,-1,-38
262,50,68,1,75,2,12,7,-17,7,1,-37
263,38,70,1,80,2,-12,7,-29,7,-1,-38
264,50,72,1,75,2,12,7,-17,7,1,-37
265,38,74,1,80,2,-12,7,-29,7,-1,-38
266,50,76,1,75,2,12,7,-17,7,1,-37
267,38,78,1,80,2,-12,7,-29,7,-1,-38
268,50,80,1,75,2,12,7,-17,7,1,-37
269,38,82,1,80,2,-12,7,-29,7,-1,-38
270,50,84,1,75,2,12,7,-17,7,1,-37
271,38,86,1,80,2,-12,7,-29,7,-1,-38
272,50,88,1,75,2,12,7,-17,7,1,-37
273,38,90,1,80,2,-12,7,-29,7,-1,-38
274,50,92,1,75,2,12,7,-17,7,1,-37
275,38,94,1,80,2,-12,7,-29,7,-1,-38
276,50,96,1,75,2,12,7,-17,7,1,-37
277,38,98,1,80,2,-12,7,-29,7,-1,-38
278,50,100,1,75,2,12,7,-17,7,1,-37
279,38,101,1,80,2,-12,7,-29,7,-1,-38
280,50,103,1,75,2,12,7,-17,7,1,-37
281,38,105,1,80,2,-12,7,-29,7,-1,-38
282,50,107,1,75,2,12,7,-17,7,1,-37
283,38,109,1,80,2,-12,7,-29,7,-1,-38
284,50,111,1,75,2,12,7,-17,7,1,-37
285,38,113,1,80,2,-12,7,-29,7,-1,-38
286,50,115,1,75,2,12,7,-17,7,1,-37
287,38,116,1,80,2,-12,7,-29,7,-1,-38
288,50,118,1,75,2,12,7,-17,7,1,-37
289,38,120,1,80,2,-12,7,-29,7,-1,-38
290,50,122,1,75,2,12,7,-17,7,1,-37
291,38,124,1,80,2,-12,7,-29,7,-1,-38
292,50,126,1,75,2,12,7,-17,7,1,-37
293,38,128,1,80,2,-12,7,-29,7,-1,-38
294,50,130,1,75,2,12,7,-17,7,1,-37
295,38,132,1,80,2,-12,7,-29,7,-1,-38
296,50,134,1,75,2,12,7,-17,7,1,-37
297,38,136,1,80,2,-12,7,-29,7,-1,-38
298,50,138,1,75,2,12,7,-17,7,1,-37
299,38,140,1,80,2,-12,7,-29,7,-1,-38
300,50,142,1,75,2,12,7,-17,7,1,-37
301,38,144,1,80,2,-12,7,-29,7,-1,-38
302,50,146,1,75,2,12,7,-17,7,1,-37
303,38,148,1,80,2,-12,7,-29,7,-1,-38
304,50,150,1,75,2,12,7,-17,7,1,-37
305,38,152,1,80,2,-12,7,-29,7,-1,-38
306,50,154,1,75,2,12,7,-17,7,1,-37
307,38,156,1,80,2,-12,7,-29,7,-1,-38
308,50,158,1,75,2,12,7,-17,7,1,-37
309,38,160,1,80,2,-12,7,-29,7,-1,-38
310,50,162,1,75,2,12,7,-17,7,1,-37
311,38,164,1,80,2,-12,7,-29,7,-1,-38
312,50,166,1,75,2,12,7,-17,7,1,-37
313,38,168,1,80,2,-12,7,-29,7,-1,-38
314,50,170,1,75,2,12,7,-17,7,1,-37
315,38,172,1,80,2,-12,7,-29,7,-1,-38
316,50,174,1,75,2,12,7,-17,7,1,-37
317,38,176,1,80,2,-12,7,-29,7,-1,-38
318,50,178,1,75,2,12,7,-17,7,1,-37
319,38,180,1,80,2,-12,7,-29,7,-1,-38
320,50,182,1,75,2,12,7,-17,7,1,-37
321,38,184,1,80,2,-12,7,-29,7,-1,-38
322,50,186,1,75,2,12,7,-17,7,1,-37
323,38,188,1,80,2,-12,7,-29,7,-1,-38
324,50,190,1,75,2,12,7,-17,7,1,-37
325,38,192,1,80,2,-12,7,-29,7,-1,-38
326,50,194,1,75,2,12,7,-17,7,1,-37
327,38,196,1,80,2,-12,7,-29,7,-1,-38
328,50,198,1,75,2,12,7,-17,7,1,-37
329,38,200,1,80,2,-12,7,-29,7,-1,-38
330,50,202,1,75,2,12,7,-17,7,1,-37
331,38,204,1,80,2,-12,7,-29,7,-1,-38
332,50,206,1,75,2,12,7,-17,7,1,-37
333,38,208,1,80,2,-12,7,-29,7,-1,-38
334,50,210,1,75,2,12,7,-17,7,1,-37
335,38,212,1,80,2,-12,7,-29,7,-1,-38
336,50,214,1,75,2,12,7,-17,7,1,-37
337,38,216,1,80,2,-12,7,-29,7,-1,-38
338,50,218,1,75,2,12,7,-17,7,1,-37
339,38,220,1,80,2,-12,7,-29,7,-1,-38
340,50,222,1,75,2,12,7,-17,7,1,-37
341,38,224,1,80,2,-12,7,-29,7,-1,-38
342,50,226,1,75,2,12,7,-17,7,1,-37
343,38,228,1,80,2,-12,7,-29,7,-1,-38
344,50,230,1,75,2,12,7,-17,7,1,-37
345,38,232,1,80,2,-12,7,-29,7,-1,-38
346,50,234,1,75,2,12,7,-17,7,1,-37
347,38,236,1,80,2,-12,7,-29,7,-1,-38
348,50,238,1,75,2,12,7,-17,7,1,-37
349,38,240,1,80,2,-12,7,-29,7,-1,-38
350,50,242,1,75,2,12,7,-17,7,1,-37
351,38,244,1,80,2,-12,7,-29,7,-1,-38
352,50,246,1,75,2,12,7,-17,7,1,-37
353,38,248,1,80,2,-12,7,-29,7,-1,-38
354,50,250,1,75,2,12,7,-17,7,1,-37
355,38,252,1,80,2,-12,7,-29,7,-1,-38
356,50,254,1,75,2,12,7,-17,7,1,-37
357,38,256,1,80,2,-12,7,-29,7,-1,-38
358,50,258,1,75,2,12,7,-17,7,1,-37
