,midi_note,onset,duration,velocity,pitch_class,interval,root,relative_pitch,relative_pitch_class,parsons_code,parsons_cumsum
0,71,0,1,105,11,0,7,4,4,0,0
1,69,1,1,80,9,-2,7,2,2,-1,-1
2,67,2,1,105,7,-2,7,0,0,-1,-2
3,79,3,1,80,7,12,7,12,0,1,-1
4,79,4,1,80,7,0,7,12,0,0,-1
5,78,5,1,80,6,-1,7,11,11,-1,-2
6,79,6,1,80,7,1,7,12,0,1,-1
7,83,7,1,80,11,4,7,16,4,1,0
8,81,8,1,80,9,-2,7,14,2,-1,-1
9,78,9,1,80,6,-3,7,11,11,-1,-2
10,79,10,1,105,7,1,7,12,0,1,-1
11,76,11,1,80,4,-3,7,9,9,-1,-2
12,74,12,1,80,2,-2,7,7,7,-1,-3
13,72,13,1,80,0,-2,7,5,5,-1,-4
14,71,14,1,80,11,-1,7,4,4,-1,-5
15,74,15,1,80,2,3,7,7,7,1,-4
16,72,16,0,80,0,-2,7,5,5,-1,-5
17,71,16,0,80,11,-1,7,4,4,-1,-6
18,69,17,0,80,9,-2,7,2,2,-1,-7
19,67,18,1,105,7,-2,7,0,0,-1,-8
20,62,19,1,80,2,-5,7,-5,7,-1,-9
21,67,20,1,80,7,5,7,0,0,1,-8
22,79,21,1,80,7,12,7,12,0,1,-7
23,76,22,1,80,4,-3,7,9,9,-1,-8
24,72,23,1,80,0,-4,7,5,5,-1,-9
25,69,24,1,80,9,-3,7,2,2,-1,-10
26,67,25,1,80,7,-2,7,0,0,-1,-11
27,66,26,1,105,6,-1,7,-1,11,-1,-12
28,67,27,1,80,7,1,7,0,0,1,-11
29,69,28,1,80,9,2,7,2,2,1,-10
30,71,29,1,80,11,2,7,4,4,1,-9
31,72,30,2,80,0,1,7,5,5,1,-8
32,71,32,1,80,11,-1,7,4,4,-1,-9
33,69,33,1,80,9,-2,7,2,2,-1,-10
34,67,34,1,105,7,-2,7,0,0,-1,-11
35,79,35,1,80,7,12,7,12,0,1,-10
36,79,36,1,80,7,0,7,12,0,0,-10
37,78,37,1,80,6,-1,7,11,11,-1,-11
38,79,38,1,80,7,1,7,12,0,1,-10
39,83,39,1,80,11,4,7,16,4,1,-9
40,81,40,1,80,9,-2,7,14,2,-1,-10
41,78,41,1,80,6,-3,7,11,11,-1,-11
42,79,42,1,105,7,1,7,12,0,1,-10
43,76,43,1,80,4,-3,7,9,9,-1,-11
44,74,44,1,80,2,-2,7,7,7,-1,-12
45,72,45,1,80,0,-2,7,5,5,-1,-13
46,71,46,1,80,11,-1,7,4,4,-1,-14
47,72,47,1,80,0,1,7,5,5,1,-13
48,71,48,1,80,11,-1,7,4,4,-1,-14
49,69,49,1,80,9,-2,7,2,2,-1,-15
50,67,50,1,105,7,-2,7,0,0,-1,-16
51,71,51,1,80,11,4,7,4,4,1,-15
52,74,52,1,80,2,3,7,7,7,1,-14
53,79,53,1,80,7,5,7,12,0,1,-13
54,76,54,1,80,4,-3,7,9,9,-1,-14
55,72,55,1,80,0,-4,7,5,5,-1,-15
56,69,56,1,80,9,-3,7,2,2,-1,-16
57,66,57,1,80,6,-3,7,-1,11,-1,-17
58,67,58,2,105,7,1,7,0,0,1,-16
59,67,60,1,80,7,0,7,0,0,0,-16
60,66,61,1,80,6,-1,7,-1,11,-1,-17
61,67,62,2,80,7,1,7,0,0,1,-16
62,71,64,1,80,11,4,7,4,4,1,-15
63,69,65,1,80,9,-2,7,2,2,-1,-16
64,67,66,1,105,7,-2,7,0,0,-1,-17
65,79,67,1,80,7,12,7,12,0,1,-16
66,79,68,1,80,7,0,7,12,0,0,-16
67,78,69,1,80,6,-1,7,11,11,-1,-17
68,79,70,1,80,7,1,7,12,0,1,-16
69,83,71,1,80,11,4,7,16,4,1,-15
70,81,72,1,80,9,-2,7,14,2,-1,-16
71,78,73,1,80,6,-3,7,11,11,-1,-17
72,79,74,1,105,7,1,7,12,0,1,-16
73,76,75,1,80,4,-3,7,9,9,-1,-17
74,74,76,1,80,2,-2,7,7,7,-1,-18
75,72,77,1,80,0,-2,7,5,5,-1,-19
76,71,78,1,80,11,-1,7,4,4,-1,-20
77,74,79,1,80,2,3,7,7,7,1,-19
78,72,80,0,80,0,-2,7,5,5,-1,-20
79,71,80,0,80,11,-1,7,4,4,-1,-21
80,69,81,0,80,9,-2,7,2,2,-1,-22
81,67,82,1,105,7,-2,7,0,0,-1,-23
82,62,83,1,80,2,-5,7,-5,7,-1,-24
83,67,84,1,80,7,5,7,0,0,1,-23
84,79,85,1,80,7,12,7,12,0,1,-22
85,76,86,1,80,4,-3,7,9,9,-1,-23
86,72,87,1,80,0,-4,7,5,5,-1,-24
87,69,88,1,80,9,-3,7,2,2,-1,-25
88,67,89,1,80,7,-2,7,0,0,-1,-26
89,66,90,1,105,6,-1,7,-1,11,-1,-27
90,67,91,1,80,7,1,7,0,0,1,-26
91,69,92,1,80,9,2,7,2,2,1,-25
92,71,93,1,80,11,2,7,4,4,1,-24
93,72,94,2,80,0,1,7,5,5,1,-23
94,71,96,1,80,11,-1,7,4,4,-1,-24
95,69,97,1,80,9,-2,7,2,2,-1,-25
96,67,98,1,105,7,-2,7,0,0,-1,-26
97,79,99,1,80,7,12,7,12,0,1,-25
98,79,100,1,80,7,0,7,12,0,0,-25
99,78,101,1,80,6,-1,7,11,11,-1,-26
100,79,102,1,80,7,1,7,12,0,1,-25
101,83,103,1,80,11,4,7,16,4,1,-24
102,81,104,1,80,9,-2,7,14,2,-1,-25
103,78,105,1,80,6,-3,7,11,11,-1,-26
104,79,106,1,105,7,1,7,12,0,1,-25
105,76,107,1,80,4,-3,7,9,9,-1,-26
106,74,108,1,80,2,-2,7,7,7,-1,-27
107,72,109,1,80,0,-2,7,5,5,-1,-28
108,71,110,1,80,11,-1,7,4,4,-1,-29
109,72,111,1,80,0,1,7,5,5,1,-28
110,71,112,1,80,11,-1,7,4,4,-1,-29
111,69,113,1,80,9,-2,7,2,2,-1,-30
112,67,114,1,105,7,-2,7,0,0,-1,-31
113,71,115,1,80,11,4,7,4,4,1,-30
114,74,116,1,80,2,3,7,7,7,1,-29
115,79,117,1,80,7,5,7,12,0,1,-28
116,76,118,1,80,4,-3,7,9,9,-1,-29
117,72,119,1,80,0,-4,7,5,5,-1,-30
118,69,120,1,80,9,-3,7,2,2,-1,-31
119,66,121,1,80,6,-3,7,-1,11,-1,-32
120,67,122,2,105,7,1,7,0,0,1,-31
121,67,124,1,80,7,0,7,0,0,0,-31
122,66,125,1,80,6,-1,7,-1,11,-1,-32
123,67,126,2,80,7,1,7,0,0,1,-31
124,79,128,1,80,7,12,7,12,0,1,-30
125,81,129,1,80,9,2,7,14,2,1,-29
126,83,130,1,105,11,2,7,16,4,1,-28
127,81,131,1,80,9,-2,7,14,2,-1,-29
128,79,132,1,80,7,-2,7,12,0,-1,-30
129,76,133,1,80,4,-3,7,9,9,-1,-31
130,74,134,1,80,2,-2,7,7,7,-1,-32
131,76,135,1,80,4,2,7,9,9,1,-31
132,79,136,1,80,7,3,7,12,0,1,-30
133,81,137,1,80,9,2,7,14,2,1,-29
134,83,138,1,105,11,2,7,16,4,1,-28
135,79,139,1,80,7,-4,7,12,0,-1,-29
136,81,140,1,80,9,2,7,14,2,1,-28
137,79,141,1,80,7,-2,7,12,0,-1,-29
138,81,142,2,80,9,2,7,14,2,1,-28
139,79,144,1,80,7,-2,7,12,0,-1,-29
140,81,145,1,80,9,2,7,14,2,1,-28
141,83,146,0,105,11,2,7,16,4,1,-27
142,81,146,0,80,9,-2,7,14,2,-1,-28
143,79,147,0,80,7,-2,7,12,0,-1,-29
144,81,148,0,80,9,2,7,14,2,1,-28
145,79,148,0,80,7,-2,7,12,0,-1,-29
146,78,149,0,80,6,-1,7,11,11,-1,-30
147,79,150,1,80,7,1,7,12,0,1,-29
148,76,151,1,80,4,-3,7,9,9,-1,-30
149,74,152,1,80,2,-2,7,7,7,-1,-31
150,72,153,1,80,0,-2,7,5,5,-1,-32
151,71,154,1,105,11,-1,7,4,4,-1,-33
152,69,155,1,80,9,-2,7,2,2,-1,-34
153,69,156,1,80,9,0,7,2,2,0,-34
154,69,157,1,80,9,0,7,2,2,0,-34
155,72,158,2,80,0,3,7,5,5,1,-33
156,71,160,1,80,11,-1,7,4,4,-1,-34
157,69,161,1,80,9,-2,7,2,2,-1,-35
158,67,162,1,105,7,-2,7,0,0,-1,-36
159,79,163,1,80,7,12,7,12,0,1,-35
160,79,164,1,80,7,0,7,12,0,0,-35
161,78,165,1,80,6,-1,7,11,11,-1,-36
162,79,166,1,80,7,1,7,12,0,1,-35
163,83,167,1,80,11,4,7,16,4,1,-34
164,81,168,1,80,9,-2,7,14,2,-1,-35
165,78,169,1,80,6,-3,7,11,11,-1,-36
166,79,170,1,105,7,1,7,12,0,1,-35
167,76,171,1,80,4,-3,7,9,9,-1,-36
168,74,172,1,80,2,-2,7,7,7,-1,-37
169,72,173,1,80,0,-2,7,5,5,-1,-38
170,71,174,1,80,11,-1,7,4,4,-1,-39
171,72,175,1,80,0,1,7,5,5,1,-38
172,71,176,1,80,11,-1,7,4,4,-1,-39
173,69,177,1,80,9,-2,7,2,2,-1,-40
174,67,178,1,105,7,-2,7,0,0,-1,-41
175,71,179,1,80,11,4,7,4,4,1,-40
176,74,180,1,80,2,3,7,7,7,1,-39
177,79,181,1,80,7,5,7,12,0,1,-38
178,76,182,1,80,4,-3,7,9,9,-1,-39
179,72,183,1,80,0,-4,7,5,5,-1,-40
180,69,184,1,80,9,-3,7,2,2,-1,-41
181,66,185,1,80,6,-3,7,-1,11,-1,-42
182,67,186,2,105,7,1,7,0,0,1,-41
183,67,188,1,80,7,0,7,0,0,0,-41
184,66,189,1,80,6,-1,7,-1,11,-1,-42
185,67,190,2,80,7,1,7,0,0,1,-41
186,79,192,1,80,7,12,7,12,0,1,-40
187,81,193,1,80,9,2,7,14,2,1,-39
188,83,194,1,105,11,2,7,16,4,1,-38
189,81,195,1,80,9,-2,7,14,2,-1,-39
190,79,196,1,80,7,-2,7,12,0,-1,-40
191,76,197,1,80,4,-3,7,9,9,-1,-41
192,74,198,1,80,2,-2,7,7,7,-1,-42
193,76,199,1,80,4,2,7,9,9,1,-41
194,79,200,1,80,7,3,7,12,0,1,-40
195,81,201,1,80,9,2,7,14,2,1,-39
196,83,202,1,105,11,2,7,16,4,1,-38
197,79,203,1,80,7,-4,7,12,0,-1,-39
198,81,204,1,80,9,2,7,14,2,1,-38
199,79,205,1,80,7,-2,7,12,0,-1,-39
200,81,206,2,80,9,2,7,14,2,1,-38
201,79,208,1,80,7,-2,7,12,0,-1,-39
202,81,209,1,80,9,2,7,14,2,1,-38
203,83,210,0,105,11,2,7,16,4,1,-37
204,81,210,0,80,9,-2,7,14,2,-1,-38
205,79,211,0,80,7,-2,7,12,0,-1,-39
206,81,212,0,80,9,2,7,14,2,1,-38
207,79,212,0,80,7,-2,7,12,0,-1,-39
208,78,213,0,80,6,-1,7,11,11,-1,-40
209,79,214,1,80,7,1,7,12,0,1,-39
210,76,215,1,80,4,-3,7,9,9,-1,-40
211,74,216,1,80,2,-2,7,7,7,-1,-41
212,72,217,1,80,0,-2,7,5,5,-1,-42
213,71,218,1,105,11,-1,7,4,4,-1,-43
214,69,219,1,80,9,-2,7,2,2,-1,-44
215,69,220,1,80,9,0,7,2,2,0,-44
216,69,221,1,80,9,0,7,2,2,0,-44
217,72,222,2,80,0,3,7,5,5,1,-43
218,71,224,1,80,11,-1,7,4,4,-1,-44
219,69,225,1,80,9,-2,7,2,2,-1,-45
220,67,226,1,105,7,-2,7,0,0,-1,-46
221,79,227,1,80,7,12,7,12,0,1,-45
222,79,228,1,80,7,0,7,12,0,0,-45
223,78,229,1,80,6,-1,7,11,11,-1,-46
224,79,230,1,80,7,1,7,12,0,1,-45
225,83,231,1,80,11,4,7,16,4,1,-44
226,81,232,1,80,9,-2,7,14,2,-1,-45
227,78,233,1,80,6,-3,7,11,11,-1,-46
228,79,234,1,105,7,1,7,12,0,1,-45
229,76,235,1,80,4,-3,7,9,9,-1,-46
230,74,236,1,80,2,-2,7,7,7,-1,-47
231,72,237,1,80,0,-2,7,5,5,-1,-48
232,71,238,1,80,11,-1,7,4,4,-1,-49
233,72,239,1,80,0,1,7,5,5,1,-48
234,71,240,1,80,11,-1,7,4,4,-1,-49
235,69,241,1,80,9,-2,7,2,2,-1,-50
236,67,242,1,105,7,-2,7,0,0,-1,-51
237,71,243,1,80,11,4,7,4,4,1,-50
238,74,244,1,80,2,3,7,7,7,1,-49
239,79,245,1,80,7,5,7,12,0,1,-48
240,76,246,1,80,4,-3,7,9,9,-1,-49
241,72,247,1,80,0,-4,7,5,5,-1,-50
242,69,248,1,80,9,-3,7,2,2,-1,-51
243,66,249,1,80,6,-3,7,-1,11,-1,-52
244,67,250,2,105,7,1,7,0,0,1,-51
245,67,252,1,80,7,0,7,0,0,0,-51
246,66,253,1,80,6,-1,7,-1,11,-1,-52
247,67,254,2,80,7,1,7,0,0,1,-51
