,midi_note,onset,duration,velocity,pitch_class,interval,root,relative_pitch,relative_pitch_class,parsons_code,parsons_cumsum
0,69,0,1,105,9,0,2,7,7,0,0
1,74,1,1,80,2,5,2,12,0,1,1
2,74,2,1,80,2,0,2,12,0,0,1
3,72,3,1,80,0,-2,2,10,10,-1,0
4,69,4,1,95,9,-3,2,7,7,-1,-1
5,67,5,1,80,7,-2,2,5,5,-1,-2
6,64,6,1,80,4,-3,2,2,2,-1,-3
7,60,7,1,80,0,-4,2,-2,10,-1,-4
8,62,8,1,105,2,2,2,0,0,1,-3
9,74,9,1,80,2,12,2,12,0,1,-2
10,74,10,1,80,2,0,2,12,0,0,-2
11,72,11,1,80,0,-2,2,10,10,-1,-3
12,69,12,2,95,9,-3,2,7,7,-1,-4
13,67,14,1,80,7,-2,2,5,5,-1,-5
14,64,15,1,80,4,-3,2,2,2,-1,-6
15,62,16,1,105,2,-2,2,0,0,-1,-7
16,74,17,1,80,2,12,2,12,0,1,-6
17,74,18,1,80,2,0,2,12,0,0,-6
18,72,19,1,80,0,-2,2,10,10,-1,-7
19,69,20,1,95,9,-3,2,7,7,-1,-8
20,67,21,1,80,7,-2,2,5,5,-1,-9
21,64,22,1,80,4,-3,2,2,2,-1,-10
22,62,23,1,80,2,-2,2,0,0,-1,-11
23,64,24,1,105,4,2,2,2,2,1,-10
24,60,25,1,80,0,-4,2,-2,10,-1,-11
25,60,26,1,80,0,0,2,-2,10,0,-11
26,64,27,1,80,4,4,2,2,2,1,-10
27,67,28,2,95,7,3,2,5,5,1,-9
28,67,30,1,80,7,0,2,5,5,0,-9
29,64,31,1,80,4,-3,2,2,2,-1,-10
30,62,32,1,105,2,-2,2,0,0,-1,-11
31,74,33,1,80,2,12,2,12,0,1,-10
32,74,34,1,80,2,0,2,12,0,0,-10
33,72,35,1,80,0,-2,2,10,10,-1,-11
34,69,36,1,95,9,-3,2,7,7,-1,-12
35,67,37,1,80,7,-2,2,5,5,-1,-13
36,64,38,1,80,4,-3,2,2,2,-1,-14
37,60,39,1,80,0,-4,2,-2,10,-1,-15
38,62,40,1,105,2,2,2,0,0,1,-14
39,74,41,1,80,2,12,2,12,0,1,-13
40,74,42,1,80,2,0,2,12,0,0,-13
41,72,43,1,80,0,-2,2,10,10,-1,-14
42,69,44,2,95,9,-3,2,7,7,-1,-15
43,67,46,1,80,7,-2,2,5,5,-1,-16
44,64,47,1,80,4,-3,2,2,2,-1,-17
45,62,48,1,105,2,-2,2,0,0,-1,-18
46,74,49,1,80,2,12,2,12,0,1,-17
47,74,50,1,80,2,0,2,12,0,0,-17
48,72,51,1,80,0,-2,2,10,10,-1,-18
49,69,52,1,95,9,-3,2,7,7,-1,-19
50,67,53,1,80,7,-2,2,5,5,-1,-20
51,64,54,1,80,4,-3,2,2,2,-1,-21
52,62,55,1,80,2,-2,2,0,0,-1,-22
53,64,56,1,105,4,2,2,2,2,1,-21
54,60,57,1,80,0,-4,2,-2,10,-1,-22
55,60,58,1,80,0,0,2,-2,10,0,-22
56,64,59,1,80,4,4,2,2,2,1,-21
57,67,60,2,95,7,3,2,5,5,1,-20
58,67,62,1,80,7,0,2,5,5,0,-20
59,64,63,1,80,4,-3,2,2,2,-1,-21
60,62,64,2,105,2,-2,2,0,0,-1,-22
61,62,66,1,80,2,0,2,0,0,0,-22
62,65,67,1,80,5,3,2,3,3,1,-21
63,64,68,1,95,4,-1,2,2,2,-1,-22
64,60,69,1,80,0,-4,2,-2,10,-1,-23
65,60,70,1,80,0,0,2,-2,10,0,-23
66,64,71,1,80,4,4,2,2,2,1,-22
67,62,72,2,105,2,-2,2,0,0,-1,-23
68,69,74,1,80,9,7,2,7,7,1,-22
69,71,75,1,80,11,2,2,9,9,1,-21
70,72,76,1,95,0,1,2,10,10,1,-20
71,69,77,1,80,9,-3,2,7,7,-1,-21
72,67,78,1,80,7,-2,2,5,5,-1,-22
73,64,79,1,80,4,-3,2,2,2,-1,-23
74,62,80,2,105,2,-2,2,0,0,-1,-24
75,62,82,1,80,2,0,2,0,0,0,-24
76,65,83,1,80,5,3,2,3,3,1,-23
77,64,84,1,95,4,-1,2,2,2,-1,-24
78,60,85,1,80,0,-4,2,-2,10,-1,-25
79,60,86,1,80,0,0,2,-2,10,0,-25
80,64,87,1,80,4,4,2,2,2,1,-24
81,67,88,1,105,7,3,2,5,5,1,-23
82,64,89,1,80,4,-3,2,2,2,-1,-24
83,60,90,1,80,0,-4,2,-2,10,-1,-25
84,64,91,1,80,4,4,2,2,2,1,-24
85,67,92,2,95,7,3,2,5,5,1,-23
86,67,94,1,80,7,0,2,5,5,0,-23
87,64,95,1,80,4,-3,2,2,2,-1,-24
88,62,96,2,105,2,-2,2,0,0,-1,-25
89,62,98,1,80,2,0,2,0,0,0,-25
90,65,99,1,80,5,3,2,3,3,1,-24
91,64,100,1,95,4,-1,2,2,2,-1,-25
92,60,101,1,80,0,-4,2,-2,10,-1,-26
93,60,102,1,80,0,0,2,-2,10,0,-26
94,64,103,1,80,4,4,2,2,2,1,-25
95,62,104,2,105,2,-2,2,0,0,-1,-26
96,69,106,1,80,9,7,2,7,7,1,-25
97,71,107,1,80,11,2,2,9,9,1,-24
98,72,108,1,95,0,1,2,10,10,1,-23
99,69,109,1,80,9,-3,2,7,7,-1,-24
100,67,110,1,80,7,-2,2,5,5,-1,-25
101,64,111,1,80,4,-3,2,2,2,-1,-26
102,62,112,2,105,2,-2,2,0,0,-1,-27
103,62,114,1,80,2,0,2,0,0,0,-27
104,65,115,1,80,5,3,2,3,3,1,-26
105,64,116,1,95,4,-1,2,2,2,-1,-27
106,60,117,1,80,0,-4,2,-2,10,-1,-28
107,60,118,1,80,0,0,2,-2,10,0,-28
108,64,119,1,80,4,4,2,2,2,1,-27
109,67,120,1,105,7,3,2,5,5,1,-26
110,64,121,1,80,4,-3,2,2,2,-1,-27
111,60,122,1,80,0,-4,2,-2,10,-1,-28
112,64,123,1,80,4,4,2,2,2,1,-27
113,67,124,2,95,7,3,2,5,5,1,-26
114,71,126,1,80,11,4,2,9,9,1,-25
115,67,127,1,80,7,-4,2,5,5,-1,-26
116,69,128,1,105,9,2,2,7,7,1,-25
117,62,129,1,80,2,-7,2,0,0,-1,-26
118,64,130,0,80,4,2,2,2,2,1,-25
119,62,130,1,80,2,-2,2,0,0,-1,-26
120,69,132,1,95,9,7,2,7,7,1,-25
121,67,133,1,80,7,-2,2,5,5,-1,-26
122,67,134,1,80,7,0,2,5,5,0,-26
123,71,135,1,80,11,4,2,9,9,1,-25
124,72,136,1,105,0,1,2,10,10,1,-24
125,62,137,1,80,2,-10,2,0,0,-1,-25
126,64,138,0,80,4,2,2,2,2,1,-24
127,62,138,1,80,2,-2,2,0,0,-1,-25
128,69,140,2,95,9,7,2,7,7,1,-24
129,74,142,1,80,2,5,2,12,0,1,-23
130,71,143,1,80,11,-3,2,9,9,-1,-24
131,72,144,1,105,0,1,2,10,10,1,-23
132,62,145,1,80,2,-10,2,0,0,-1,-24
133,64,146,0,80,4,2,2,2,2,1,-23
134,62,146,1,80,2,-2,2,0,0,-1,-24
135,69,148,1,95,9,7,2,7,7,1,-23
136,67,149,1,80,7,-2,2,5,5,-1,-24
137,64,150,1,80,4,-3,2,2,2,-1,-25
138,62,151,1,80,2,-2,2,0,0,-1,-26
139,64,152,1,105,4,2,2,2,2,1,-25
140,60,153,1,80,0,-4,2,-2,10,-1,-26
141,60,154,1,80,0,0,2,-2,10,0,-26
142,64,155,1,80,4,4,2,2,2,1,-25
143,67,156,2,95,7,3,2,5,5,1,-24
144,67,158,1,80,7,0,2,5,5,0,-24
145,71,159,1,80,11,4,2,9,9,1,-23
146,69,160,1,105,9,-2,2,7,7,-1,-24
147,62,161,1,80,2,-7,2,0,0,-1,-25
148,64,162,0,80,4,2,2,2,2,1,-24
149,62,162,1,80,2,-2,2,0,0,-1,-25
150,69,164,1,95,9,7,2,7,7,1,-24
151,67,165,1,80,7,-2,2,5,5,-1,-25
152,67,166,1,80,7,0,2,5,5,0,-25
153,71,167,1,80,11,4,2,9,9,1,-24
154,72,168,1,105,0,1,2,10,10,1,-23
155,62,169,1,80,2,-10,2,0,0,-1,-24
156,64,170,0,80,4,2,2,2,2,1,-23
157,62,170,1,80,2,-2,2,0,0,-1,-24
158,69,172,2,95,9,7,2,7,7,1,-23
159,74,174,1,80,2,5,2,12,0,1,-22
160,71,175,1,80,11,-3,2,9,9,-1,-23
161,72,176,1,105,0,1,2,10,10,1,-22
162,62,177,1,80,2,-10,2,0,0,-1,-23
163,64,178,0,80,4,2,2,2,2,1,-22
164,62,178,1,80,2,-2,2,0,0,-1,-23
165,69,180,1,95,9,7,2,7,7,1,-22
166,67,181,1,80,7,-2,2,5,5,-1,-23
167,64,182,1,80,4,-3,2,2,2,-1,-24
168,62,183,1,80,2,-2,2,0,0,-1,-25
169,64,184,1,105,4,2,2,2,2,1,-24
170,60,185,1,80,0,-4,2,-2,10,-1,-25
171,60,186,1,80,0,0,2,-2,10,0,-25
172,64,187,1,80,4,4,2,2,2,1,-24
173,67,188,2,95,7,3,2,5,5,1,-23
174,67,190,1,80,7,0,2,5,5,0,-23
175,69,191,1,80,9,2,2,7,7,1,-22
176,74,192,1,105,2,5,2,12,0,1,-21
177,76,193,1,80,4,2,2,14,2,1,-20
178,74,194,1,80,2,-2,2,12,0,-1,-21
179,76,195,1,80,4,2,2,14,2,1,-20
180,72,196,1,95,0,-4,2,10,10,-1,-21
181,76,197,1,80,4,4,2,14,2,1,-20
182,72,198,1,80,0,-4,2,10,10,-1,-21
183,76,199,1,80,4,4,2,14,2,1,-20
184,74,200,1,105,2,-2,2,12,0,-1,-21
185,76,201,1,80,4,2,2,14,2,1,-20
186,74,202,1,80,2,-2,2,12,0,-1,-21
187,76,203,1,80,4,2,2,14,2,1,-20
188,81,204,2,95,9,5,2,19,7,1,-19
189,79,206,1,80,7,-2,2,17,5,-1,-20
190,76,207,1,80,4,-3,2,14,2,-1,-21
191,74,208,1,105,2,-2,2,12,0,-1,-22
192,76,209,1,80,4,2,2,14,2,1,-21
193,74,210,1,80,2,-2,2,12,0,-1,-22
194,76,211,1,80,4,2,2,14,2,1,-21
195,72,212,1,95,0,-4,2,10,10,-1,-22
196,76,213,1,80,4,4,2,14,2,1,-21
197,72,214,1,80,0,-4,2,10,10,-1,-22
198,76,215,1,80,4,4,2,14,2,1,-21
199,71,216,0,105,11,-5,2,9,9,-1,-22
200,73,216,0,80,1,2,2,11,11,1,-21
201,74,217,0,80,2,1,2,12,0,1,-20
202,76,218,1,80,4,2,2,14,2,1,-19
203,78,219,1,80,6,2,2,16,4,1,-18
204,79,220,2,95,7,1,2,17,5,1,-17
205,78,222,1,80,6,-1,2,16,4,-1,-18
206,76,223,1,80,4,-2,2,14,2,-1,-19
207,74,224,1,105,2,-2,2,12,0,-1,-20
208,76,225,1,80,4,2,2,14,2,1,-19
209,74,226,1,80,2,-2,2,12,0,-1,-20
210,76,227,1,80,4,2,2,14,2,1,-19
211,72,228,1,95,0,-4,2,10,10,-1,-20
212,76,229,1,80,4,4,2,14,2,1,-19
213,72,230,1,80,0,-4,2,10,10,-1,-20
214,76,231,1,80,4,4,2,14,2,1,-19
215,74,232,1,105,2,-2,2,12,0,-1,-20
216,76,233,1,80,4,2,2,14,2,1,-19
217,74,234,1,80,2,-2,2,12,0,-1,-20
218,76,235,1,80,4,2,2,14,2,1,-19
219,81,236,2,95,9,5,2,19,7,1,-18
220,79,238,1,80,7,-2,2,17,5,-1,-19
221,76,239,1,80,4,-3,2,14,2,-1,-20
222,74,240,1,105,2,-2,2,12,0,-1,-21
223,76,241,1,80,4,2,2,14,2,1,-20
224,74,242,1,80,2,-2,2,12,0,-1,-21
225,76,243,1,80,4,2,2,14,2,1,-20
226,72,244,1,95,0,-4,2,10,10,-1,-21
227,76,245,1,80,4,4,2,14,2,1,-20
228,72,246,1,80,0,-4,2,10,10,-1,-21
229,76,247,1,80,4,4,2,14,2,1,-20
230,71,248,0,105,11,-5,2,9,9,-1,-21
231,73,248,0,80,1,2,2,11,11,1,-20
232,74,249,0,80,2,1,2,12,0,1,-19
233,76,250,1,80,4,2,2,14,2,1,-18
234,78,251,1,80,6,2,2,16,4,1,-17
235,79,252,2,95,7,1,2,17,5,1,-16
236,79,254,1,80,7,0,2,17,5,0,-16
237,76,255,1,80,4,-3,2,14,2,-1,-17
238,81,256,1,105,9,5,2,19,7,1,-16
239,74,257,1,80,2,-7,2,12,0,-1,-17
240,76,258,0,80,4,2,2,14,2,1,-16
241,74,258,1,80,2,-2,2,12,0,-1,-17
242,81,260,1,95,9,7,2,19,7,1,-16
243,74,261,1,80,2,-7,2,12,0,-1,-17
244,74,262,1,80,2,0,2,12,0,0,-17
245,79,263,1,80,7,5,2,17,5,1,-16
246,81,264,1,105,9,2,2,19,7,1,-15
247,74,265,1,80,2,-7,2,12,0,-1,-16
248,76,266,0,80,4,2,2,14,2,1,-15
249,74,266,1,80,2,-2,2,12,0,-1,-16
250,81,268,2,95,9,7,2,19,7,1,-15
251,79,270,1,80,7,-2,2,17,5,-1,-16
252,76,271,1,80,4,-3,2,14,2,-1,-17
253,81,272,1,105,9,5,2,19,7,1,-16
254,74,273,1,80,2,-7,2,12,0,-1,-17
255,76,274,0,80,4,2,2,14,2,1,-16
256,74,274,1,80,2,-2,2,12,0,-1,-17
257,81,276,1,95,9,7,2,19,7,1,-16
258,79,277,1,80,7,-2,2,17,5,-1,-17
259,78,278,1,80,6,-1,2,16,4,-1,-18
260,74,279,1,80,2,-4,2,12,0,-1,-19
261,71,280,0,105,11,-3,2,9,9,-1,-20
262,72,280,0,80,0,1,2,10,10,1,-19
263,74,281,0,80,2,2,2,12,0,1,-18
264,76,282,1,80,4,2,2,14,2,1,-17
265,78,283,1,80,6,2,2,16,4,1,-16
266,79,284,2,95,7,1,2,17,5,1,-15
267,78,286,1,80,6,-1,2,16,4,-1,-16
268,79,287,1,80,7,1,2,17,5,1,-15
269,81,288,1,105,9,2,2,19,7,1,-14
270,74,289,1,80,2,-7,2,12,0,-1,-15
271,76,290,0,80,4,2,2,14,2,1,-14
272,74,290,1,80,2,-2,2,12,0,-1,-15
273,81,292,1,95,9,7,2,19,7,1,-14
274,74,293,1,80,2,-7,2,12,0,-1,-15
275,74,294,1,80,2,0,2,12,0,0,-15
276,79,295,1,80,7,5,2,17,5,1,-14
277,81,296,1,105,9,2,2,19,7,1,-13
278,74,297,1,80,2,-7,2,12,0,-1,-14
279,76,298,0,80,4,2,2,14,2,1,-13
280,74,298,1,80,2,-2,2,12,0,-1,-14
281,81,300,2,95,9,7,2,19,7,1,-13
282,79,302,1,80,7,-2,2,17,5,-1,-14
283,76,303,1,80,4,-3,2,14,2,-1,-15
284,81,304,1,105,9,5,2,19,7,1,-14
285,74,305,1,80,2,-7,2,12,0,-1,-15
286,76,306,0,80,4,2,2,14,2,1,-14
287,74,306,1,80,2,-2,2,12,0,-1,-15
288,81,308,1,95,9,7,2,19,7,1,-14
289,79,309,1,80,7,-2,2,17,5,-1,-15
290,78,310,1,80,6,-1,2,16,4,-1,-16
291,74,311,1,80,2,-4,2,12,0,-1,-17
292,71,312,0,105,11,-3,2,9,9,-1,-18
293,72,312,0,80,0,1,2,10,10,1,-17
294,74,313,0,80,2,2,2,12,0,1,-16
295,76,314,1,80,4,2,2,14,2,1,-15
296,78,315,1,80,6,2,2,16,4,1,-14
297,79,316,4,95,7,1,2,17,5,1,-13
298,64,320,1,105,4,-15,2,2,2,-1,-14
299,67,321,1,80,7,3,2,5,5,1,-13
300,69,322,1,80,9,2,2,7,7,1,-12
301,71,323,1,80,11,2,2,9,9,1,-11
302,72,324,1,95,0,1,2,10,10,1,-10
303,71,325,1,80,11,-1,2,9,9,-1,-11
304,72,326,1,80,0,1,2,10,10,1,-10
305,69,327,1,80,9,-3,2,7,7,-1,-11
306,64,328,1,105,4,-5,2,2,2,-1,-12
307,67,329,1,80,7,3,2,5,5,1,-11
308,69,330,1,80,9,2,2,7,7,1,-10
309,71,331,1,80,11,2,2,9,9,1,-9
310,72,332,2,95,0,1,2,10,10,1,-8
311,69,334,1,80,9,-3,2,7,7,-1,-9
312,67,335,1,80,7,-2,2,5,5,-1,-10
313,64,336,1,105,4,-3,2,2,2,-1,-11
314,67,337,1,80,7,3,2,5,5,1,-10
315,69,338,1,80,9,2,2,7,7,1,-9
316,71,339,1,80,11,2,2,9,9,1,-8
317,72,340,1,95,0,1,2,10,10,1,-7
318,71,341,1,80,11,-1,2,9,9,-1,-8
319,72,342,1,80,0,1,2,10,10,1,-7
320,76,343,1,80,4,4,2,14,2,1,-6
321,79,344,1,105,7,3,2,17,5,1,-5
322,78,345,1,80,6,-1,2,16,4,-1,-6
323,79,346,1,80,7,1,2,17,5,1,-5
324,76,347,1,80,4,-3,2,14,2,-1,-6
325,74,348,2,95,2,-2,2,12,0,-1,-7
326,69,350,1,80,9,-5,2,7,7,-1,-8
327,67,351,1,80,7,-2,2,5,5,-1,-9
328,64,352,1,105,4,-3,2,2,2,-1,-10
329,67,353,1,80,7,3,2,5,5,1,-9
330,69,354,1,80,9,2,2,7,7,1,-8
331,71,355,1,80,11,2,2,9,9,1,-7
332,72,356,1,95,0,1,2,10,10,1,-6
333,71,357,1,80,11,-1,2,9,9,-1,-7
334,72,358,1,80,0,1,2,10,10,1,-6
335,69,359,1,80,9,-3,2,7,7,-1,-7
336,64,360,1,105,4,-5,2,2,2,-1,-8
337,67,361,1,80,7,3,2,5,5,1,-7
338,69,362,1,80,9,2,2,7,7,1,-6
339,71,363,1,80,11,2,2,9,9,1,-5
340,72,364,2,95,0,1,2,10,10,1,-4
341,69,366,1,80,9,-3,2,7,7,-1,-5
342,67,367,1,80,7,-2,2,5,5,-1,-6
343,64,368,1,105,4,-3,2,2,2,-1,-7
344,67,369,1,80,7,3,2,5,5,1,-6
345,69,370,1,80,9,2,2,7,7,1,-5
346,71,371,1,80,11,2,2,9,9,1,-4
347,72,372,1,95,0,1,2,10,10,1,-3
348,71,373,1,80,11,-1,2,9,9,-1,-4
349,72,374,1,80,0,1,2,10,10,1,-3
350,76,375,1,80,4,4,2,14,2,1,-2
351,79,376,1,105,7,3,2,17,5,1,-1
352,78,377,1,80,6,-1,2,16,4,-1,-2
353,79,378,1,80,7,1,2,17,5,1,-1
354,76,379,1,80,4,-3,2,14,2,-1,-2
355,74,380,4,95,2,-2,2,12,0,-1,-3
