,midi_note,onset,duration,velocity,pitch_class,interval,root,relative_pitch,relative_pitch_class,parsons_code,parsons_cumsum
0,71,0,2,105,11,0,7,4,4,0,0
1,71,2,1,80,11,0,7,4,4,0,0
2,69,3,1,80,9,-2,7,2,2,-1,-1
3,67,4,2,95,7,-2,7,0,0,-1,-2
4,71,6,1,80,11,4,7,4,4,1,-1
5,67,7,1,80,7,-4,7,0,0,-1,-2
6,66,8,1,105,6,-1,7,-1,11,-1,-3
7,69,9,1,80,9,3,7,2,2,1,-2
8,62,10,1,80,2,-7,7,-5,7,-1,-3
9,69,11,1,80,9,7,7,2,2,1,-2
10,66,12,1,95,6,-3,7,-1,11,-1,-3
11,69,13,1,80,9,3,7,2,2,1,-2
12,62,14,1,80,2,-7,7,-5,7,-1,-3
13,69,15,1,80,9,7,7,2,2,1,-2
14,71,16,2,105,11,2,7,4,4,1,-1
15,71,18,1,80,11,0,7,4,4,0,-1
16,69,19,1,80,9,-2,7,2,2,-1,-2
17,67,20,2,95,7,-2,7,0,0,-1,-3
18,71,22,1,80,11,4,7,4,4,1,-2
19,72,23,1,80,0,1,7,5,5,1,-1
20,74,24,1,105,2,2,7,7,7,1,0
21,71,25,1,80,11,-3,7,4,4,-1,-1
22,69,26,1,80,9,-2,7,2,2,-1,-2
23,72,27,1,80,0,3,7,5,5,1,-1
24,71,28,1,95,11,-1,7,4,4,-1,-2
25,64,29,1,80,4,-7,7,-3,9,-1,-3
26,64,30,1,80,4,0,7,-3,9,0,-3
27,62,31,1,80,2,-2,7,-5,7,-1,-4
28,71,32,2,105,11,9,7,4,4,1,-3
29,71,34,1,80,11,0,7,4,4,0,-3
30,69,35,1,80,9,-2,7,2,2,-1,-4
31,67,36,2,95,7,-2,7,0,0,-1,-5
32,71,38,1,80,11,4,7,4,4,1,-4
33,67,39,1,80,7,-4,7,0,0,-1,-5
34,66,40,1,105,6,-1,7,-1,11,-1,-6
35,69,41,1,80,9,3,7,2,2,1,-5
36,62,42,1,80,2,-7,7,-5,7,-1,-6
37,69,43,1,80,9,7,7,2,2,1,-5
38,66,44,1,95,6,-3,7,-1,11,-1,-6
39,69,45,1,80,9,3,7,2,2,1,-5
40,62,46,1,80,2,-7,7,-5,7,-1,-6
41,69,47,1,80,9,7,7,2,2,1,-5
42,71,48,2,105,11,2,7,4,4,1,-4
43,71,50,1,80,11,0,7,4,4,0,-4
44,69,51,1,80,9,-2,7,2,2,-1,-5
45,67,52,2,95,7,-2,7,0,0,-1,-6
46,71,54,1,80,11,4,7,4,4,1,-5
47,72,55,1,80,0,1,7,5,5,1,-4
48,74,56,1,105,2,2,7,7,7,1,-3
49,71,57,1,80,11,-3,7,4,4,-1,-4
50,69,58,1,80,9,-2,7,2,2,-1,-5
51,72,59,1,80,0,3,7,5,5,1,-4
52,71,60,1,95,11,-1,7,4,4,-1,-5
53,64,61,1,80,4,-7,7,-3,9,-1,-6
54,64,62,1,80,4,0,7,-3,9,0,-6
55,62,63,1,80,2,-2,7,-5,7,-1,-7
56,76,64,2,105,4,14,7,9,9,1,-6
57,79,66,1,80,7,3,7,12,0,1,-5
58,76,67,1,80,4,-3,7,9,9,-1,-6
59,83,68,1,95,11,7,7,16,4,1,-5
60,76,69,1,80,4,-7,7,9,9,-1,-6
61,79,70,1,80,7,3,7,12,0,1,-5
62,76,71,1,80,4,-3,7,9,9,-1,-6
63,74,72,1,105,2,-2,7,7,7,-1,-7
64,76,73,1,80,4,2,7,9,9,1,-6
65,78,74,1,80,6,2,7,11,11,1,-5
66,79,75,1,80,7,1,7,12,0,1,-4
67,81,76,1,95,9,2,7,14,2,1,-3
68,78,77,1,80,6,-3,7,11,11,-1,-4
69,74,78,1,80,2,-4,7,7,7,-1,-5
70,78,79,1,80,6,4,7,11,11,1,-4
71,76,80,1,105,4,-2,7,9,9,-1,-5
72,78,81,1,80,6,2,7,11,11,1,-4
73,79,82,1,80,7,1,7,12,0,1,-3
74,76,83,1,80,4,-3,7,9,9,-1,-4
75,83,84,1,95,11,7,7,16,4,1,-3
76,76,85,1,80,4,-7,7,9,9,-1,-4
77,79,86,1,80,7,3,7,12,0,1,-3
78,76,87,1,80,4,-3,7,9,9,-1,-4
79,74,88,1,105,2,-2,7,7,7,-1,-5
80,71,89,1,80,11,-3,7,4,4,-1,-6
81,69,90,1,80,9,-2,7,2,2,-1,-7
82,72,91,1,80,0,3,7,5,5,1,-6
83,71,92,1,95,11,-1,7,4,4,-1,-7
84,64,93,1,80,4,-7,7,-3,9,-1,-8
85,64,94,1,80,4,0,7,-3,9,0,-8
86,62,95,1,80,2,-2,7,-5,7,-1,-9
87,76,96,2,105,4,14,7,9,9,1,-8
88,79,98,1,80,7,3,7,12,0,1,-7
89,76,99,1,80,4,-3,7,9,9,-1,-8
90,83,100,1,95,11,7,7,16,4,1,-7
91,76,101,1,80,4,-7,7,9,9,-1,-8
92,79,102,1,80,7,3,7,12,0,1,-7
93,76,103,1,80,4,-3,7,9,9,-1,-8
94,74,104,1,105,2,-2,7,7,7,-1,-9
95,76,105,1,80,4,2,7,9,9,1,-8
96,78,106,1,80,6,2,7,11,11,1,-7
97,79,107,1,80,7,1,7,12,0,1,-6
98,81,108,1,95,9,2,7,14,2,1,-5
99,78,109,1,80,6,-3,7,11,11,-1,-6
100,74,110,1,80,2,-4,7,7,7,-1,-7
101,78,111,1,80,6,4,7,11,11,1,-6
102,79,112,1,105,7,1,7,12,0,1,-5
103,78,113,1,80,6,-1,7,11,11,-1,-6
104,76,114,1,80,4,-2,7,9,9,-1,-7
105,74,115,1,80,2,-2,7,7,7,-1,-8
106,76,116,1,95,4,2,7,9,9,1,-7
107,78,117,1,80,6,2,7,11,11,1,-6
108,79,118,1,80,7,1,7,12,0,1,-5
109,76,119,1,80,4,-3,7,9,9,-1,-6
110,74,120,1,105,2,-2,7,7,7,-1,-7
111,71,121,1,80,11,-3,7,4,4,-1,-8
112,69,122,1,80,9,-2,7,2,2,-1,-9
113,72,123,1,80,0,3,7,5,5,1,-8
114,71,124,1,95,11,-1,7,4,4,-1,-9
115,64,125,1,80,4,-7,7,-3,9,-1,-10
116,64,126,1,80,4,0,7,-3,9,0,-10
117,62,127,1,80,2,-2,7,-5,7,-1,-11
