,index,midi_note_num,diatonic_note_num,chromatic_pitch_class,onset,duration,velocity,bar_count,relative_chromatic_pitch,relative_diatonic_pitch,chromatic_scale_degree,diatonic_scale_degree,chromatic_interval,diatonic_interval,parsons_code,parsons_cumsum
0,0,71,35,11,0.0,2.0,105,0,4,2,4,3,0,0,0,0
1,1,74,37,2,2.0,1.0,95,0,7,4,7,5,3,2,1,1
2,2,69,34,9,3.0,2.0,95,0,2,1,2,2,-5,-3,-1,0
3,3,71,35,11,5.0,1.0,95,0,4,2,4,3,2,1,1,1
4,4,67,33,7,6.0,2.0,95,0,0,0,0,1,-4,-2,-1,0
5,5,69,34,9,8.0,1.0,95,0,2,1,2,2,2,1,1,1
6,6,64,31,4,9.0,1.0,95,0,-3,-2,9,6,-5,-3,-1,0
7,7,67,33,7,10.0,1.0,95,0,0,0,0,1,3,2,1,1
8,8,62,30,2,11.0,2.0,105,1,-5,-3,7,5,-5,-3,-1,0
9,9,59,28,11,13.0,1.0,95,1,-8,-5,4,3,-3,-2,-1,-1
10,10,59,28,11,14.0,1.0,95,1,-8,-5,4,3,0,0,0,-1
11,11,62,30,2,15.0,1.0,95,1,-5,-3,7,5,3,2,1,0
12,12,64,31,4,16.0,1.0,95,1,-3,-2,9,6,2,1,1,1
13,13,67,33,7,17.0,1.0,95,1,0,0,0,1,3,2,1,2
14,14,62,30,2,18.0,1.0,95,1,-5,-3,7,5,-5,-3,-1,1
15,15,64,31,4,19.0,1.0,95,1,-3,-2,9,6,2,1,1,2
16,16,67,33,7,20.0,1.0,95,1,0,0,0,1,3,2,1,3
17,17,69,34,9,21.0,1.0,95,1,2,1,2,2,2,1,1,4
18,18,71,35,11,22.0,2.0,105,2,4,2,4,3,2,1,1,5
19,19,74,37,2,24.0,1.0,95,2,7,4,7,5,3,2,1,6
20,20,69,34,9,25.0,2.0,95,2,2,1,2,2,-5,-3,-1,5
21,21,71,35,11,27.0,1.0,95,2,4,2,4,3,2,1,1,6
22,22,67,33,7,28.0,2.0,95,2,0,0,0,1,-4,-2,-1,5
23,23,72,36,0,30.0,1.0,95,2,5,3,5,4,5,3,1,6
24,24,71,35,11,31.0,1.0,95,2,4,2,4,3,-1,-1,-1,5
25,25,74,37,2,32.0,1.0,95,2,7,4,7,5,3,2,1,6
26,26,71,35,11,33.0,2.0,105,3,4,2,4,3,-3,-2,-1,5
27,27,69,34,9,35.0,1.0,95,3,2,1,2,2,-2,-1,-1,4
28,28,69,34,9,36.0,1.0,95,3,2,1,2,2,0,0,0,4
29,29,74,37,2,37.0,1.0,95,3,7,4,7,5,5,3,1,5
30,30,71,35,11,38.0,1.0,95,3,4,2,4,3,-3,-2,-1,4
31,31,69,34,9,39.0,1.0,95,3,2,1,2,2,-2,-1,-1,3
32,32,64,31,4,40.0,1.0,95,3,-3,-2,9,6,-5,-3,-1,2
33,33,69,34,9,41.0,1.0,95,3,2,1,2,2,5,3,1,3
34,34,72,36,0,42.0,1.0,95,3,5,3,5,4,3,2,1,4
35,35,74,37,2,43.0,1.0,95,3,7,4,7,5,2,1,1,5
36,36,76,38,4,44.0,2.0,105,4,9,5,9,6,2,1,1,6
37,37,74,37,2,46.0,1.0,95,4,7,4,7,5,-2,-1,-1,5
38,38,76,38,4,47.0,2.0,95,4,9,5,9,6,2,1,1,6
39,39,79,40,7,49.0,1.0,95,4,12,7,0,1,3,2,1,7
40,40,81,41,9,50.0,2.0,95,4,14,8,2,2,2,1,1,8
41,41,76,38,4,52.0,1.0,95,4,9,5,9,6,-5,-3,-1,7
42,42,79,40,7,53.0,1.0,95,4,12,7,0,1,3,2,1,8
43,43,74,37,2,54.0,1.0,95,4,7,4,7,5,-5,-3,-1,7
44,44,71,35,11,55.0,2.0,105,5,4,2,4,3,-3,-2,-1,6
45,45,69,34,9,57.0,1.0,95,5,2,1,2,2,-2,-1,-1,5
46,46,69,34,9,58.0,1.0,95,5,2,1,2,2,0,0,0,5
47,47,74,37,2,59.0,1.0,95,5,7,4,7,5,5,3,1,6
48,48,71,35,11,60.0,1.0,95,5,4,2,4,3,-3,-2,-1,5
49,49,69,34,9,61.0,1.0,95,5,2,1,2,2,-2,-1,-1,4
50,50,62,30,2,62.0,1.0,95,5,-5,-3,7,5,-7,-4,-1,3
51,51,67,33,7,63.0,1.0,95,5,0,0,0,1,5,3,1,4
52,52,71,35,11,64.0,1.0,95,5,4,2,4,3,4,2,1,5
53,53,74,37,2,65.0,1.0,95,5,7,4,7,5,3,2,1,6
54,54,79,40,7,66.0,2.0,105,6,12,7,0,1,5,3,1,7
55,55,81,41,9,68.0,1.0,95,6,14,8,2,2,2,1,1,8
56,56,76,38,4,69.0,2.0,95,6,9,5,9,6,-5,-3,-1,7
57,57,79,40,7,71.0,1.0,95,6,12,7,0,1,3,2,1,8
58,58,74,37,2,72.0,2.0,95,6,7,4,7,5,-5,-3,-1,7
59,59,72,36,0,74.0,1.0,95,6,5,3,5,4,-2,-1,-1,6
60,60,71,35,11,75.0,1.0,95,6,4,2,4,3,-1,-1,-1,5
61,61,67,33,7,76.0,1.0,95,6,0,0,0,1,-4,-2,-1,4
62,62,62,30,2,77.0,2.0,105,7,-5,-3,7,5,-5,-3,-1,3
63,63,74,37,2,79.0,1.0,95,7,7,4,7,5,12,7,1,4
64,64,74,37,2,80.0,1.0,95,7,7,4,7,5,0,0,0,4
65,65,71,35,11,81.0,1.0,95,7,4,2,4,3,-3,-2,-1,3
66,66,69,34,9,82.0,1.0,95,7,2,1,2,2,-2,-1,-1,2
67,67,67,33,7,83.0,1.0,95,7,0,0,0,1,-2,-1,-1,1
68,68,62,30,2,84.0,1.0,95,7,-5,-3,7,5,-5,-3,-1,0
69,69,64,31,4,85.0,1.0,95,7,-3,-2,9,6,2,1,1,1
70,70,67,33,7,86.0,1.0,95,7,0,0,0,1,3,2,1,2
71,71,69,34,9,87.0,1.0,95,7,2,1,2,2,2,1,1,3
72,72,71,35,11,88.0,2.0,105,8,4,2,4,3,2,1,1,4
73,73,74,37,2,90.0,1.0,95,8,7,4,7,5,3,2,1,5
74,74,69,34,9,91.0,2.0,95,8,2,1,2,2,-5,-3,-1,4
75,75,71,35,11,93.0,1.0,95,8,4,2,4,3,2,1,1,5
76,76,67,33,7,94.0,2.0,95,8,0,0,0,1,-4,-2,-1,4
77,77,69,34,9,96.0,1.0,95,8,2,1,2,2,2,1,1,5
78,78,64,31,4,97.0,1.0,95,8,-3,-2,9,6,-5,-3,-1,4
79,79,67,33,7,98.0,1.0,95,8,0,0,0,1,3,2,1,5
80,80,62,30,2,99.0,2.0,105,9,-5,-3,7,5,-5,-3,-1,4
81,81,59,28,11,101.0,1.0,95,9,-8,-5,4,3,-3,-2,-1,3
82,82,59,28,11,102.0,1.0,95,9,-8,-5,4,3,0,0,0,3
83,83,62,30,2,103.0,1.0,95,9,-5,-3,7,5,3,2,1,4
84,84,64,31,4,104.0,1.0,95,9,-3,-2,9,6,2,1,1,5
85,85,67,33,7,105.0,1.0,95,9,0,0,0,1,3,2,1,6
86,86,62,30,2,106.0,1.0,95,9,-5,-3,7,5,-5,-3,-1,5
87,87,64,31,4,107.0,1.0,95,9,-3,-2,9,6,2,1,1,6
88,88,67,33,7,108.0,1.0,95,9,0,0,0,1,3,2,1,7
89,89,69,34,9,109.0,1.0,95,9,2,1,2,2,2,1,1,8
90,90,71,35,11,110.0,2.0,105,10,4,2,4,3,2,1,1,9
91,91,74,37,2,112.0,1.0,95,10,7,4,7,5,3,2,1,10
92,92,69,34,9,113.0,2.0,95,10,2,1,2,2,-5,-3,-1,9
93,93,71,35,11,115.0,1.0,95,10,4,2,4,3,2,1,1,10
94,94,67,33,7,116.0,2.0,95,10,0,0,0,1,-4,-2,-1,9
95,95,72,36,0,118.0,1.0,95,10,5,3,5,4,5,3,1,10
96,96,71,35,11,119.0,1.0,95,10,4,2,4,3,-1,-1,-1,9
97,97,74,37,2,120.0,1.0,95,10,7,4,7,5,3,2,1,10
98,98,71,35,11,121.0,2.0,105,11,4,2,4,3,-3,-2,-1,9
99,99,69,34,9,123.0,1.0,95,11,2,1,2,2,-2,-1,-1,8
100,100,69,34,9,124.0,1.0,95,11,2,1,2,2,0,0,0,8
101,101,74,37,2,125.0,1.0,95,11,7,4,7,5,5,3,1,9
102,102,71,35,11,126.0,1.0,95,11,4,2,4,3,-3,-2,-1,8
103,103,69,34,9,127.0,1.0,95,11,2,1,2,2,-2,-1,-1,7
104,104,64,31,4,128.0,1.0,95,11,-3,-2,9,6,-5,-3,-1,6
105,105,69,34,9,129.0,1.0,95,11,2,1,2,2,5,3,1,7
106,106,72,36,0,130.0,1.0,95,11,5,3,5,4,3,2,1,8
107,107,74,37,2,131.0,1.0,95,11,7,4,7,5,2,1,1,9
108,108,76,38,4,132.0,2.0,105,12,9,5,9,6,2,1,1,10
109,109,74,37,2,134.0,1.0,95,12,7,4,7,5,-2,-1,-1,9
110,110,76,38,4,135.0,2.0,95,12,9,5,9,6,2,1,1,10
111,111,79,40,7,137.0,1.0,95,12,12,7,0,1,3,2,1,11
112,112,81,41,9,138.0,2.0,95,12,14,8,2,2,2,1,1,12
113,113,76,38,4,140.0,1.0,95,12,9,5,9,6,-5,-3,-1,11
114,114,79,40,7,141.0,1.0,95,12,12,7,0,1,3,2,1,12
115,115,74,37,2,142.0,1.0,95,12,7,4,7,5,-5,-3,-1,11
116,116,71,35,11,143.0,2.0,105,13,4,2,4,3,-3,-2,-1,10
117,117,69,34,9,145.0,1.0,95,13,2,1,2,2,-2,-1,-1,9
118,118,69,34,9,146.0,1.0,95,13,2,1,2,2,0,0,0,9
119,119,74,37,2,147.0,1.0,95,13,7,4,7,5,5,3,1,10
120,120,71,35,11,148.0,1.0,95,13,4,2,4,3,-3,-2,-1,9
121,121,69,34,9,149.0,1.0,95,13,2,1,2,2,-2,-1,-1,8
122,122,62,30,2,150.0,1.0,95,13,-5,-3,7,5,-7,-4,-1,7
123,123,67,33,7,151.0,1.0,95,13,0,0,0,1,5,3,1,8
124,124,71,35,11,152.0,1.0,95,13,4,2,4,3,4,2,1,9
125,125,74,37,2,153.0,1.0,95,13,7,4,7,5,3,2,1,10
126,126,79,40,7,154.0,2.0,105,14,12,7,0,1,5,3,1,11
127,127,81,41,9,156.0,1.0,95,14,14,8,2,2,2,1,1,12
128,128,76,38,4,157.0,2.0,95,14,9,5,9,6,-5,-3,-1,11
129,129,79,40,7,159.0,1.0,95,14,12,7,0,1,3,2,1,12
130,130,74,37,2,160.0,2.0,95,14,7,4,7,5,-5,-3,-1,11
131,131,72,36,0,162.0,1.0,95,14,5,3,5,4,-2,-1,-1,10
132,132,71,35,11,163.0,1.0,95,14,4,2,4,3,-1,-1,-1,9
133,133,67,33,7,164.0,1.0,95,14,0,0,0,1,-4,-2,-1,8
134,134,62,30,2,165.0,2.0,105,15,-5,-3,7,5,-5,-3,-1,7
135,135,74,37,2,167.0,1.0,95,15,7,4,7,5,12,7,1,8
136,136,74,37,2,168.0,1.0,95,15,7,4,7,5,0,0,0,8
137,137,71,35,11,169.0,1.0,95,15,4,2,4,3,-3,-2,-1,7
138,138,69,34,9,170.0,1.0,95,15,2,1,2,2,-2,-1,-1,6
139,139,67,33,7,171.0,1.0,95,15,0,0,0,1,-2,-1,-1,5
140,140,71,35,11,172.0,1.0,95,15,4,2,4,3,4,2,1,6
141,141,69,34,9,173.0,1.0,95,15,2,1,2,2,-2,-1,-1,5
142,142,71,35,11,174.0,1.0,95,15,4,2,4,3,2,1,1,6
143,143,74,37,2,175.0,1.0,95,15,7,4,7,5,3,2,1,7
144,144,76,38,4,176.0,3.0,105,16,9,5,9,6,2,1,1,8
145,145,79,40,7,179.0,3.0,95,16,12,7,0,1,3,2,1,9
146,146,76,38,4,182.0,1.0,95,16,9,5,9,6,-3,-2,-1,8
147,147,81,41,9,183.0,1.0,95,16,14,8,2,2,5,3,1,9
148,148,79,40,7,184.0,1.0,95,16,12,7,0,1,-2,-1,-1,8
149,149,78,39,6,185.0,1.0,95,16,11,6,11,7,-1,-1,-1,7
150,150,74,37,2,186.0,1.0,95,16,7,4,7,5,-4,-2,-1,6
151,151,76,38,4,187.0,3.0,105,17,9,5,9,6,2,1,1,7
152,152,81,41,9,190.0,3.0,95,17,14,8,2,2,5,3,1,8
153,153,83,42,11,193.0,1.0,95,17,16,9,4,3,2,1,1,9
154,154,81,41,9,194.0,1.0,95,17,14,8,2,2,-2,-1,-1,8
155,155,79,40,7,195.0,1.0,95,17,12,7,0,1,-2,-1,-1,7
156,156,78,39,6,196.0,1.0,95,17,11,6,11,7,-1,-1,-1,6
157,157,74,37,2,197.0,1.0,95,17,7,4,7,5,-4,-2,-1,5
158,158,76,38,4,198.0,3.0,105,18,9,5,9,6,2,1,1,6
159,159,79,40,7,201.0,3.0,95,18,12,7,0,1,3,2,1,7
160,160,76,38,4,204.0,1.0,95,18,9,5,9,6,-3,-2,-1,6
161,161,81,41,9,205.0,1.0,95,18,14,8,2,2,5,3,1,7
162,162,79,40,7,206.0,1.0,95,18,12,7,0,1,-2,-1,-1,6
163,163,78,39,6,207.0,1.0,95,18,11,6,11,7,-1,-1,-1,5
164,164,74,37,2,208.0,1.0,95,18,7,4,7,5,-4,-2,-1,4
165,165,76,38,4,209.0,1.0,105,19,9,5,9,6,2,1,1,5
166,166,78,39,6,210.0,1.0,95,19,11,6,11,7,2,1,1,6
167,167,79,40,7,211.0,1.0,95,19,12,7,0,1,1,1,1,7
168,168,81,41,9,212.0,1.0,95,19,14,8,2,2,2,1,1,8
169,169,78,39,6,213.0,1.0,95,19,11,6,11,7,-3,-2,-1,7
170,170,74,37,2,214.0,1.0,95,19,7,4,7,5,-4,-2,-1,6
171,171,78,39,6,215.0,1.0,95,19,11,6,11,7,4,2,1,7
172,172,81,41,9,216.0,1.0,95,19,14,8,2,2,3,2,1,8
173,173,79,40,7,217.0,1.0,95,19,12,7,0,1,-2,-1,-1,7
174,174,78,39,6,218.0,1.0,95,19,11,6,11,7,-1,-1,-1,6
175,175,74,37,2,219.0,1.0,95,19,7,4,7,5,-4,-2,-1,5
176,176,76,38,4,220.0,3.0,105,20,9,5,9,6,2,1,1,6
177,177,79,40,7,223.0,3.0,95,20,12,7,0,1,3,2,1,7
178,178,76,38,4,226.0,1.0,95,20,9,5,9,6,-3,-2,-1,6
179,179,81,41,9,227.0,1.0,95,20,14,8,2,2,5,3,1,7
180,180,79,40,7,228.0,1.0,95,20,12,7,0,1,-2,-1,-1,6
181,181,78,39,6,229.0,1.0,95,20,11,6,11,7,-1,-1,-1,5
182,182,74,37,2,230.0,1.0,95,20,7,4,7,5,-4,-2,-1,4
183,183,76,38,4,231.0,3.0,105,21,9,5,9,6,2,1,1,5
184,184,81,41,9,234.0,3.0,95,21,14,8,2,2,5,3,1,6
185,185,83,42,11,237.0,1.0,95,21,16,9,4,3,2,1,1,7
186,186,81,41,9,238.0,1.0,95,21,14,8,2,2,-2,-1,-1,6
187,187,79,40,7,239.0,1.0,95,21,12,7,0,1,-2,-1,-1,5
188,188,78,39,6,240.0,1.0,95,21,11,6,11,7,-1,-1,-1,4
189,189,74,37,2,241.0,1.0,95,21,7,4,7,5,-4,-2,-1,3
190,190,76,38,4,242.0,3.0,105,22,9,5,9,6,2,1,1,4
191,191,79,40,7,245.0,3.0,95,22,12,7,0,1,3,2,1,5
192,192,76,38,4,248.0,1.0,95,22,9,5,9,6,-3,-2,-1,4
193,193,74,37,2,249.0,1.0,95,22,7,4,7,5,-2,-1,-1,3
194,194,72,36,0,250.0,1.0,95,22,5,3,5,4,-2,-1,-1,2
195,195,71,35,11,251.0,1.0,95,22,4,2,4,3,-1,-1,-1,1
196,196,67,33,7,252.0,1.0,95,22,0,0,0,1,-4,-2,-1,0
197,197,72,36,0,253.0,2.0,105,23,5,3,5,4,5,3,1,1
198,198,74,37,2,255.0,1.0,95,23,7,4,7,5,2,1,1,2
199,199,74,37,2,256.0,1.0,95,23,7,4,7,5,0,0,0,2
200,200,71,35,11,257.0,1.0,95,23,4,2,4,3,-3,-2,-1,1
201,201,69,34,9,258.0,1.0,95,23,2,1,2,2,-2,-1,-1,0
202,202,67,33,7,259.0,1.0,95,23,0,0,0,1,-2,-1,-1,-1
203,203,62,30,2,260.0,1.0,95,23,-5,-3,7,5,-5,-3,-1,-2
204,204,64,31,4,261.0,1.0,95,23,-3,-2,9,6,2,1,1,-1
205,205,67,33,7,262.0,1.0,95,23,0,0,0,1,3,2,1,0
206,206,69,34,9,263.0,1.0,95,23,2,1,2,2,2,1,1,1
