,index,midi_note_num,diatonic_note_num,chromatic_pitch_class,onset,duration,velocity,bar_count,relative_chromatic_pitch,relative_diatonic_pitch,chromatic_scale_degree,diatonic_scale_degree,chromatic_interval,diatonic_interval,parsons_code,parsons_cumsum
0,0,71,35,11,0.0,2.0,105,0,4,2,4,3,0,0,0,0
1,3,71,35,11,4.0,1.33,95,0,4,2,4,3,0,0,0,0
2,7,72,36,0,8.0,2.0,105,1,5,3,5,4,1,1,1,1
3,10,64,31,4,12.0,1.33,95,1,-3,-2,9,6,-8,-5,-1,0
4,13,71,35,11,16.0,1.33,105,2,4,2,4,3,-1,-1,1,1
5,17,71,35,11,20.0,1.33,95,2,4,2,4,3,0,0,0,1
6,21,69,34,9,24.0,1.33,105,3,2,1,2,2,-5,-3,-1,0
7,25,69,34,9,28.0,1.33,95,3,2,1,2,2,0,0,0,0
8,29,71,35,11,32.0,2.0,105,4,4,2,4,3,2,1,1,1
9,32,71,35,11,36.0,1.33,95,4,4,2,4,3,0,0,0,1
10,36,72,36,0,40.0,2.0,105,5,5,3,5,4,1,1,1,2
11,39,64,31,4,44.0,1.33,95,5,-3,-2,9,6,-8,-5,-1,1
12,42,71,35,11,48.0,1.33,105,6,4,2,4,3,-1,-1,1,2
13,46,69,34,9,52.0,1.33,95,6,2,1,2,2,-2,-1,-1,1
14,50,67,33,7,56.0,4.0,105,7,0,0,0,1,-2,-1,-1,0
15,51,67,33,7,60.0,2.0,95,7,0,0,0,1,0,0,0,0
16,54,71,35,11,64.0,2.0,105,8,4,2,4,3,-1,-1,1,1
17,57,71,35,11,68.0,1.33,95,8,4,2,4,3,0,0,0,1
18,61,72,36,0,72.0,2.0,105,9,5,3,5,4,1,1,1,2
19,64,64,31,4,76.0,1.33,95,9,-3,-2,9,6,-8,-5,-1,1
20,67,71,35,11,80.0,1.33,105,10,4,2,4,3,-1,-1,1,2
21,71,71,35,11,84.0,1.33,95,10,4,2,4,3,0,0,0,2
22,75,69,34,9,88.0,1.33,105,11,2,1,2,2,-5,-3,-1,1
23,79,69,34,9,92.0,1.33,95,11,2,1,2,2,0,0,0,1
24,83,71,35,11,96.0,2.0,105,12,4,2,4,3,2,1,1,2
25,86,71,35,11,100.0,1.33,95,12,4,2,4,3,0,0,0,2
26,90,72,36,0,104.0,2.0,105,13,5,3,5,4,1,1,1,3
27,93,64,31,4,108.0,1.33,95,13,-3,-2,9,6,-8,-5,-1,2
28,96,71,35,11,112.0,1.33,105,14,4,2,4,3,-1,-1,1,3
29,100,69,34,9,116.0,1.33,95,14,2,1,2,2,-2,-1,-1,2
30,104,67,33,7,120.0,4.0,105,15,0,0,0,1,-2,-1,-1,1
31,105,67,33,7,124.0,2.0,95,15,0,0,0,1,0,0,0,1
32,107,74,37,2,128.0,2.0,105,16,7,4,7,5,12,7,1,2
33,110,67,33,7,132.0,1.33,95,16,0,0,0,1,-7,-4,-1,1
34,114,72,36,0,136.0,2.0,105,17,5,3,5,4,10,6,1,2
35,117,64,31,4,140.0,1.33,95,17,-3,-2,9,6,-8,-5,-1,1
36,120,71,35,11,144.0,1.33,105,18,4,2,4,3,-1,-1,1,2
37,124,71,35,11,148.0,1.33,95,18,4,2,4,3,0,0,0,2
38,128,69,34,9,152.0,1.33,105,19,2,1,2,2,-5,-3,-1,1
39,132,69,34,9,156.0,1.33,95,19,2,1,2,2,0,0,0,1
40,136,74,37,2,160.0,2.0,105,20,7,4,7,5,5,3,1,2
41,139,67,33,7,164.0,1.33,95,20,0,0,0,1,-7,-4,-1,1
42,143,72,36,0,168.0,2.0,105,21,5,3,5,4,10,6,1,2
43,146,64,31,4,172.0,1.33,95,21,-3,-2,9,6,-8,-5,-1,1
44,149,71,35,11,176.0,1.33,105,22,4,2,4,3,-1,-1,1,2
45,153,69,34,9,180.0,1.33,95,22,2,1,2,2,-2,-1,-1,1
46,157,67,33,7,184.0,4.0,105,23,0,0,0,1,-2,-1,-1,0
47,158,67,33,7,188.0,2.0,95,23,0,0,0,1,0,0,0,0
48,160,74,37,2,192.0,2.0,105,24,7,4,7,5,12,7,1,1
49,163,67,33,7,196.0,1.33,95,24,0,0,0,1,-7,-4,-1,0
50,167,72,36,0,200.0,2.0,105,25,5,3,5,4,10,6,1,1
51,170,64,31,4,204.0,1.33,95,25,-3,-2,9,6,-8,-5,-1,0
52,173,71,35,11,208.0,1.33,105,26,4,2,4,3,-1,-1,1,1
53,177,71,35,11,212.0,1.33,95,26,4,2,4,3,0,0,0,1
54,181,69,34,9,216.0,1.33,105,27,2,1,2,2,-5,-3,-1,0
55,185,69,34,9,220.0,1.33,95,27,2,1,2,2,0,0,0,0
56,189,71,35,11,224.0,2.0,105,28,4,2,4,3,2,1,1,1
57,192,71,35,11,228.0,1.33,95,28,4,2,4,3,0,0,0,1
58,196,72,36,0,232.0,2.0,105,29,5,3,5,4,1,1,1,2
59,199,64,31,4,236.0,1.33,95,29,-3,-2,9,6,-8,-5,-1,1
60,202,71,35,11,240.0,1.33,105,30,4,2,4,3,-1,-1,1,2
61,206,69,34,9,244.0,1.33,95,30,2,1,2,2,-2,-1,-1,1
62,210,67,33,7,248.0,4.0,105,31,0,0,0,1,-2,-1,-1,0
63,211,67,33,7,252.0,2.0,95,31,0,0,0,1,0,0,0,0
64,214,71,35,11,256.0,1.33,105,32,4,2,4,3,4,2,1,1
65,219,62,30,2,260.0,1.33,95,32,-5,-3,7,5,0,0,-1,0
66,223,72,36,0,264.0,2.0,105,33,5,3,5,4,10,6,1,1
67,229,71,35,11,272.0,1.33,105,34,4,2,4,3,-1,-1,-1,0
68,234,67,33,7,276.0,1.33,95,34,0,0,0,1,5,3,-1,-1
69,238,69,34,9,280.0,1.33,105,35,2,1,2,2,-5,-3,1,0
70,242,69,34,9,284.0,1.33,95,35,2,1,2,2,0,0,0,0
71,246,71,35,11,288.0,1.33,105,36,4,2,4,3,2,1,1,1
72,251,62,30,2,292.0,1.33,95,36,-5,-3,7,5,0,0,-1,0
73,255,72,36,0,296.0,1.33,105,37,5,3,5,4,10,6,1,1
74,262,71,35,11,304.0,1.33,105,38,4,2,4,3,-1,-1,-1,0
75,266,69,34,9,308.0,1.33,95,38,2,1,2,2,-2,-1,-1,-1
76,270,67,33,7,312.0,4.0,105,39,0,0,0,1,-2,-1,-1,-2
77,271,67,33,7,316.0,2.0,95,39,0,0,0,1,0,0,0,-2
78,274,71,35,11,320.0,1.33,105,40,4,2,4,3,4,2,1,-1
79,279,62,30,2,324.0,1.33,95,40,-5,-3,7,5,0,0,-1,-2
80,283,72,36,0,328.0,2.0,105,41,5,3,5,4,10,6,1,-1
81,289,71,35,11,336.0,1.33,105,42,4,2,4,3,-1,-1,-1,-2
82,294,67,33,7,340.0,1.33,95,42,0,0,0,1,5,3,-1,-3
83,298,69,34,9,344.0,1.33,105,43,2,1,2,2,-5,-3,1,-2
84,302,69,34,9,348.0,1.33,95,43,2,1,2,2,0,0,0,-2
85,306,71,35,11,352.0,1.33,105,44,4,2,4,3,2,1,1,-1
86,311,62,30,2,356.0,1.33,95,44,-5,-3,7,5,0,0,-1,-2
87,315,72,36,0,360.0,1.33,105,45,5,3,5,4,10,6,1,-1
88,322,71,35,11,368.0,1.33,105,46,4,2,4,3,-1,-1,-1,-2
89,326,69,34,9,372.0,1.33,95,46,2,1,2,2,-2,-1,-1,-3
90,330,67,33,7,376.0,4.0,105,47,0,0,0,1,-2,-1,-1,-4
91,331,67,33,7,380.0,2.0,95,47,0,0,0,1,0,0,0,-4
92,333,74,37,2,384.0,2.0,105,48,7,4,7,5,12,7,1,-3
93,335,71,35,11,388.0,1.33,95,48,4,2,4,3,-3,-2,-1,-4
94,339,72,36,0,392.0,1.33,105,49,5,3,5,4,1,1,1,-3
95,343,64,31,4,396.0,1.33,95,49,-3,-2,9,6,-8,-5,-1,-4
96,347,71,35,11,400.0,1.33,105,50,4,2,4,3,2,1,1,-3
97,352,67,33,7,404.0,1.33,95,50,0,0,0,1,5,3,-1,-4
98,356,69,34,9,408.0,1.33,105,51,2,1,2,2,-5,-3,1,-3
99,360,69,34,9,412.0,1.33,95,51,2,1,2,2,0,0,0,-3
100,364,74,37,2,416.0,2.0,105,52,7,4,7,5,5,3,1,-2
101,366,71,35,11,420.0,1.33,95,52,4,2,4,3,-3,-2,-1,-3
102,370,72,36,0,424.0,1.33,105,53,5,3,5,4,1,1,1,-2
103,374,64,31,4,428.0,1.33,95,53,-3,-2,9,6,-8,-5,-1,-3
104,378,71,35,11,432.0,1.33,105,54,4,2,4,3,2,1,1,-2
105,382,69,34,9,436.0,1.33,95,54,2,1,2,2,-2,-1,-1,-3
106,386,67,33,7,440.0,4.0,105,55,0,0,0,1,-2,-1,-1,-4
107,387,67,33,7,444.0,2.0,95,55,0,0,0,1,0,0,0,-4
108,389,74,37,2,448.0,2.0,105,56,7,4,7,5,12,7,1,-3
109,391,71,35,11,452.0,1.33,95,56,4,2,4,3,-3,-2,-1,-4
110,395,72,36,0,456.0,1.33,105,57,5,3,5,4,1,1,1,-3
111,399,64,31,4,460.0,1.33,95,57,-3,-2,9,6,-8,-5,-1,-4
112,403,71,35,11,464.0,1.33,105,58,4,2,4,3,2,1,1,-3
113,408,67,33,7,468.0,1.33,95,58,0,0,0,1,5,3,-1,-4
114,412,69,34,9,472.0,1.33,105,59,2,1,2,2,-5,-3,1,-3
115,416,69,34,9,476.0,1.33,95,59,2,1,2,2,0,0,0,-3
116,420,71,35,11,480.0,2.0,105,60,4,2,4,3,2,1,1,-2
117,423,71,35,11,484.0,1.33,95,60,4,2,4,3,0,0,0,-2
118,427,72,36,0,488.0,2.0,105,61,5,3,5,4,1,1,1,-1
119,430,64,31,4,492.0,1.33,95,61,-3,-2,9,6,-8,-5,-1,-2
120,433,71,35,11,496.0,1.33,105,62,4,2,4,3,-1,-1,1,-1
121,437,69,34,9,500.0,1.33,95,62,2,1,2,2,-2,-1,-1,-2
122,441,67,33,7,504.0,4.0,105,63,0,0,0,1,-2,-1,-1,-3
123,442,67,33,7,508.0,2.0,95,63,0,0,0,1,0,0,0,-3
