,index,midi_note_num,diatonic_note_num,chromatic_pitch_class,onset,duration,velocity,bar_count,relative_chromatic_pitch,relative_diatonic_pitch,chromatic_scale_degree,diatonic_scale_degree,chromatic_interval,diatonic_interval,parsons_code,parsons_cumsum
0,0,64,31,4,0.0,1.0,105,0,0,0,0,1,0,0,0,0
1,4,67,33,7,4.0,3.0,95,0,3,2,3,3,3,2,1,1
2,6,69,34,9,8.0,3.0,105,1,5,3,5,4,-2,-1,1,2
3,8,66,32,6,12.0,1.0,95,1,2,1,2,2,-1,-1,-1,1
4,12,64,31,4,16.0,1.0,105,2,0,0,0,1,-2,-1,-1,0
5,16,67,33,7,20.0,3.0,95,2,3,2,3,3,3,2,1,1
6,18,69,34,9,24.0,1.0,105,3,5,3,5,4,-2,-1,1,2
7,22,64,31,4,28.0,4.0,95,3,0,0,0,1,-3,-2,-1,1
8,23,64,31,4,32.0,1.0,105,4,0,0,0,1,0,0,0,1
9,27,67,33,7,36.0,3.0,95,4,3,2,3,3,3,2,1,2
10,29,69,34,9,40.0,3.0,105,5,5,3,5,4,-2,-1,1,3
11,31,66,32,6,44.0,1.0,95,5,2,1,2,2,-1,-1,-1,2
12,35,64,31,4,48.0,1.0,105,6,0,0,0,1,-2,-1,-1,1
13,39,67,33,7,52.0,3.0,95,6,3,2,3,3,3,2,1,2
14,41,69,34,9,56.0,1.0,105,7,5,3,5,4,-2,-1,1,3
15,45,64,31,4,60.0,4.0,95,7,0,0,0,1,-3,-2,-1,2
16,46,64,31,4,64.0,1.0,105,8,0,0,0,1,0,0,0,2
17,50,72,36,0,68.0,3.0,95,8,8,5,8,6,8,5,1,3
18,52,71,35,11,72.0,3.0,105,9,7,4,7,5,2,1,-1,2
19,54,71,35,11,76.0,1.0,95,9,7,4,7,5,-1,-1,0,2
20,58,64,31,4,80.0,1.0,105,10,0,0,0,1,-3,-2,-1,1
21,62,72,36,0,84.0,3.0,95,10,8,5,8,6,8,5,1,2
22,64,71,35,11,88.0,1.0,105,11,7,4,7,5,2,1,-1,1
23,68,69,34,9,92.0,4.0,95,11,5,3,5,4,-2,-1,-1,0
24,69,64,31,4,96.0,1.0,105,12,0,0,0,1,-5,-3,-1,-1
25,73,72,36,0,100.0,3.0,95,12,8,5,8,6,8,5,1,0
26,75,71,35,11,104.0,3.0,105,13,7,4,7,5,2,1,-1,-1
27,77,71,35,11,108.0,1.0,95,13,7,4,7,5,-1,-1,0,-1
28,81,64,31,4,112.0,1.0,105,14,0,0,0,1,-3,-2,-1,-2
29,85,72,36,0,116.0,3.0,95,14,8,5,8,6,8,5,1,-1
30,87,71,35,11,120.0,1.0,105,15,7,4,7,5,2,1,-1,-2
31,91,69,34,9,124.0,4.0,95,15,5,3,5,4,-2,-1,-1,-3
32,92,66,32,6,128.0,1.0,105,16,2,1,2,2,-3,-2,-1,-4
33,96,67,33,7,132.0,1.0,95,16,3,2,3,3,1,1,1,-3
34,100,64,31,4,136.0,1.0,105,17,0,0,0,1,-3,-2,-1,-4
35,104,66,32,6,140.0,1.0,95,17,2,1,2,2,2,1,1,-3
36,108,62,30,2,144.0,1.0,105,18,-2,-1,10,7,-4,-2,-1,-4
37,112,66,32,6,148.0,1.0,95,18,2,1,2,2,4,2,1,-3
38,116,69,34,9,152.0,1.0,105,19,5,3,5,4,3,2,1,-2
39,120,64,31,4,156.0,4.0,95,19,0,0,0,1,-3,-2,-1,-3
40,121,66,32,6,160.0,1.0,105,20,2,1,2,2,2,1,1,-2
41,125,67,33,7,164.0,1.0,95,20,3,2,3,3,1,1,1,-1
42,129,64,31,4,168.0,1.0,105,21,0,0,0,1,-3,-2,-1,-2
43,133,66,32,6,172.0,1.0,95,21,2,1,2,2,2,1,1,-1
44,137,62,30,2,176.0,1.0,105,22,-2,-1,10,7,-4,-2,-1,-2
45,141,66,32,6,180.0,1.0,95,22,2,1,2,2,4,2,1,-1
46,145,69,34,9,184.0,1.0,105,23,5,3,5,4,3,2,1,0
47,149,64,31,4,188.0,4.0,95,23,0,0,0,1,-3,-2,-1,-1
