,midi_note_num,diatonic_note_num,chromatic_pitch_class,beat_strength,bar_num,offset,duration,velocity,relative_chromatic_pitch,relative_diatonic_pitch,chromatic_scale_degree,diatonic_scale_degree,chromatic_interval,diatonic_interval,parsons_code,parsons_cumsum
0,71,35,11,1.0,1,0.0,2.0,0,4,2,4,3,0,0,0,0
1,69,34,9,0.25,1,2.0,0.5,0,2,1,2,2,-2,-1,-1,-1
2,69,34,9,0.062,1,2.5,0.5,0,2,1,2,2,0,0,0,-1
3,71,35,11,0.125,1,3.0,1.0,0,4,2,4,3,2,1,1,0
4,72,36,0,0.5,1,4.0,1.0,0,5,3,5,4,1,1,1,1
5,71,35,11,0.125,1,5.0,1.0,0,4,2,4,3,-1,-1,-1,0
6,69,34,9,0.25,1,6.0,1.5,0,2,1,2,2,-2,-1,-1,-1
7,69,34,9,0.062,1,7.5,0.5,0,2,1,2,2,0,0,0,-1
8,67,33,7,1.0,2,8.0,1.0,0,0,0,0,1,-2,-1,-1,-2
9,71,35,11,0.125,2,9.0,1.0,0,4,2,4,3,4,2,1,-1
10,74,37,2,0.25,2,10.0,1.0,0,7,4,7,5,3,2,1,0
11,74,37,2,0.125,2,11.0,1.0,0,7,4,7,5,0,0,0,0
12,69,34,9,0.5,2,12.0,1.0,0,2,1,2,2,-5,-3,-1,-1
13,76,38,4,0.125,2,13.0,1.0,0,9,5,9,6,7,4,1,0
14,74,37,2,0.25,2,14.0,2.0,0,7,4,7,5,-2,-1,-1,-1
15,74,37,2,1.0,3,16.0,2.0,0,7,4,7,5,0,0,0,-1
16,76,38,4,0.25,3,18.0,1.0,0,9,5,9,6,2,1,1,0
17,74,37,2,0.125,3,19.0,1.0,0,7,4,7,5,-2,-1,-1,-1
18,72,36,0,0.5,3,20.0,1.0,0,5,3,5,4,-2,-1,-1,-2
19,76,38,4,0.125,3,21.0,1.0,0,9,5,9,6,4,2,1,-1
20,74,37,2,0.25,3,22.0,1.5,0,7,4,7,5,-2,-1,-1,-2
21,72,36,0,0.062,3,23.5,0.5,0,5,3,5,4,-2,-1,-1,-3
22,71,35,11,1.0,4,24.0,1.0,0,4,2,4,3,-1,-1,-1,-4
23,69,34,9,0.125,4,25.0,1.0,0,2,1,2,2,-2,-1,-1,-5
24,71,35,11,0.25,4,26.0,1.0,0,4,2,4,3,2,1,1,-4
25,72,36,0,0.125,4,27.0,1.0,0,5,3,5,4,1,1,1,-3
26,74,37,2,0.5,4,28.0,4.0,0,7,4,7,5,2,1,1,-2
27,67,33,7,1.0,5,32.0,1.5,0,0,0,0,1,-7,-4,-1,-3
28,67,33,7,0.062,5,33.5,0.5,0,0,0,0,1,0,0,0,-3
29,71,35,11,0.25,5,34.0,1.0,0,4,2,4,3,4,2,1,-2
30,74,37,2,0.125,5,35.0,0.5,0,7,4,7,5,3,2,1,-1
31,74,37,2,0.062,5,35.5,0.5,0,7,4,7,5,0,0,0,-1
32,79,40,7,0.5,5,36.0,2.0,0,12,7,0,1,5,3,1,0
33,78,39,6,0.25,5,38.0,2.0,0,11,6,11,7,-1,-1,-1,-1
34,78,39,6,1.0,6,40.0,1.0,0,11,6,11,7,0,0,0,-1
35,81,41,9,0.125,6,41.0,1.0,0,14,8,2,2,3,2,1,0
36,79,40,7,0.25,6,42.0,1.0,0,12,7,0,1,-2,-1,-1,-1
37,78,39,6,0.125,6,43.0,1.0,0,11,6,11,7,-1,-1,-1,-2
38,76,38,4,0.5,6,44.0,1.0,0,9,5,9,6,-2,-1,-1,-3
39,74,37,2,0.125,6,45.0,1.0,0,7,4,7,5,-2,-1,-1,-4
40,74,37,2,0.25,6,46.0,2.0,0,7,4,7,5,0,0,0,-4
41,74,37,2,1.0,7,48.0,2.0,0,7,4,7,5,0,0,0,-4
42,76,38,4,0.25,7,50.0,1.0,0,9,5,9,6,2,1,1,-3
43,72,36,0,0.125,7,51.0,1.0,0,5,3,5,4,-4,-2,-1,-4
44,71,35,11,0.5,7,52.0,1.0,0,4,2,4,3,-1,-1,-1,-5
45,74,37,2,0.125,7,53.0,1.0,0,7,4,7,5,3,2,1,-4
46,67,33,7,0.25,7,54.0,1.5,0,0,0,0,1,-7,-4,-1,-5
47,67,33,7,0.062,7,55.5,0.5,0,0,0,0,1,0,0,0,-5
48,66,32,6,1.0,8,56.0,1.0,0,-1,-1,11,7,-1,-1,-1,-6
49,69,34,9,0.125,8,57.0,1.0,0,2,1,2,2,3,2,1,-5
50,72,36,0,0.25,8,58.0,0.5,0,5,3,5,4,3,2,1,-4
51,72,36,0,0.062,8,58.5,0.5,0,5,3,5,4,0,0,0,-4
52,71,35,11,0.125,8,59.0,1.0,0,4,2,4,3,-1,-1,-1,-5
53,67,33,7,0.5,8,60.0,4.0,0,0,0,0,1,-4,-2,-1,-6
