,midi_note_num,diatonic_note_num,chromatic_pitch_class,beat_strength,bar_num,offset,duration,velocity,relative_chromatic_pitch,relative_diatonic_pitch,chromatic_scale_degree,diatonic_scale_degree,chromatic_interval,diatonic_interval,parsons_code,parsons_cumsum
0,67,33,7,0.25,0,0.0,1.0,0,0,0,0,1,0,0,0,0
1,71,35,11,1.0,1,1.0,2.0,0,4,2,4,3,4,2,1,1
2,69,34,9,0.25,1,3.0,1.0,0,2,1,2,2,-2,-1,-1,0
3,67,33,7,0.5,1,4.0,1.0,0,0,0,0,1,-2,-1,-1,-1
4,67,33,7,0.25,1,5.0,1.0,0,0,0,0,1,0,0,0,-1
5,67,33,7,0.25,1,6.0,1.0,0,0,0,0,1,0,0,0,-1
6,72,36,0,1.0,2,7.0,1.0,0,5,3,5,4,5,3,1,0
7,76,38,4,0.25,2,8.0,1.0,0,9,5,9,6,4,2,1,1
8,72,36,0,0.25,2,9.0,1.0,0,5,3,5,4,-4,-2,-1,0
9,71,35,11,0.5,2,10.0,2.0,0,4,2,4,3,-1,-1,-1,-1
10,74,37,2,0.25,2,12.0,1.0,0,7,4,7,5,3,2,1,0
11,74,37,2,1.0,3,13.0,1.0,0,7,4,7,5,0,0,0,0
12,71,35,11,0.25,3,14.0,1.0,0,4,2,4,3,-3,-2,-1,-1
13,74,37,2,0.25,3,15.0,1.0,0,7,4,7,5,3,2,1,0
14,74,37,2,0.5,3,16.0,1.0,0,7,4,7,5,0,0,0,0
15,71,35,11,0.25,3,17.0,1.0,0,4,2,4,3,-3,-2,-1,-1
16,74,37,2,0.25,3,18.0,1.0,0,7,4,7,5,3,2,1,0
17,72,36,0,1.0,4,19.0,1.0,0,5,3,5,4,-2,-1,-1,-1
18,71,35,11,0.25,4,20.0,1.0,0,4,2,4,3,-1,-1,-1,-2
19,69,34,9,0.25,4,21.0,1.0,0,2,1,2,2,-2,-1,-1,-3
20,67,33,7,0.5,4,22.0,2.0,0,0,0,0,1,-2,-1,-1,-4
21,74,37,2,0.25,4,24.0,1.0,0,7,4,7,5,7,4,1,-3
22,74,37,2,1.0,5,25.0,1.0,0,7,4,7,5,0,0,0,-3
23,71,35,11,0.25,5,26.0,1.0,0,4,2,4,3,-3,-2,-1,-4
24,72,36,0,0.25,5,27.0,1.0,0,5,3,5,4,1,1,1,-3
25,74,37,2,0.5,5,28.0,1.0,0,7,4,7,5,2,1,1,-2
26,76,38,4,0.25,5,29.0,1.0,0,9,5,9,6,2,1,1,-1
27,78,39,6,0.25,5,30.0,1.0,0,11,6,11,7,2,1,1,0
28,74,37,2,1.0,6,31.0,2.0,0,7,4,7,5,-4,-2,-1,-1
29,71,35,11,0.25,6,33.0,1.0,0,4,2,4,3,-3,-2,-1,-2
30,67,33,7,0.5,6,34.0,2.0,0,0,0,0,1,-4,-2,-1,-3
31,67,33,7,0.25,6,36.0,1.0,0,0,0,0,1,0,0,0,-3
32,76,38,4,1.0,7,37.0,1.5,0,9,5,9,6,9,5,1,-2
33,76,38,4,0.125,7,38.5,0.5,0,9,5,9,6,0,0,0,-2
34,76,38,4,0.25,7,39.0,1.0,0,9,5,9,6,0,0,0,-2
35,74,37,2,0.5,7,40.0,1.0,0,7,4,7,5,-2,-1,-1,-3
36,76,38,4,0.25,7,41.0,1.0,0,9,5,9,6,2,1,1,-2
37,74,37,2,0.25,7,42.0,1.0,0,7,4,7,5,-2,-1,-1,-3
38,69,34,9,1.0,8,43.0,3.0,0,2,1,2,2,-5,-3,-1,-4
39,69,34,9,0.5,8,46.0,2.0,0,2,1,2,2,0,0,0,-4
40,74,37,2,0.25,8,48.0,1.0,0,7,4,7,5,5,3,1,-3
41,74,37,2,1.0,9,49.0,1.0,0,7,4,7,5,0,0,0,-3
42,76,38,4,0.25,9,50.0,1.0,0,9,5,9,6,2,1,1,-2
43,74,37,2,0.25,9,51.0,1.0,0,7,4,7,5,-2,-1,-1,-3
44,71,35,11,0.5,9,52.0,1.0,0,4,2,4,3,-3,-2,-1,-4
45,69,34,9,0.25,9,53.0,1.0,0,2,1,2,2,-2,-1,-1,-5
46,67,33,7,0.25,9,54.0,1.0,0,0,0,0,1,-2,-1,-1,-6
47,72,36,0,1.0,10,55.0,2.0,0,5,3,5,4,5,3,1,-5
48,71,35,11,0.25,10,57.0,1.0,0,4,2,4,3,-1,-1,-1,-6
49,69,34,9,0.5,10,58.0,2.0,0,2,1,2,2,-2,-1,-1,-7
50,72,36,0,0.25,10,60.0,1.0,0,5,3,5,4,3,2,1,-6
51,71,35,11,1.0,11,61.0,1.0,0,4,2,4,3,-1,-1,-1,-7
52,74,37,2,0.25,11,62.0,1.0,0,7,4,7,5,3,2,1,-6
53,71,35,11,0.25,11,63.0,1.0,0,4,2,4,3,-3,-2,-1,-7
54,69,34,9,0.5,11,64.0,1.0,0,2,1,2,2,-2,-1,-1,-8
55,67,33,7,0.25,11,65.0,1.0,0,0,0,0,1,-2,-1,-1,-9
56,69,34,9,0.25,11,66.0,1.0,0,2,1,2,2,2,1,1,-8
57,67,33,7,1.0,12,67.0,3.0,0,0,0,0,1,-2,-1,-1,-9
58,67,33,7,0.5,12,70.0,2.0,0,0,0,0,1,0,0,0,-9
59,74,37,2,0.25,12,72.0,1.0,0,7,4,7,5,7,4,1,-8
60,74,37,2,1.0,13,73.0,1.0,0,7,4,7,5,0,0,0,-8
61,76,38,4,0.25,13,74.0,1.0,0,9,5,9,6,2,1,1,-7
62,74,37,2,0.25,13,75.0,1.0,0,7,4,7,5,-2,-1,-1,-8
63,71,35,11,0.5,13,76.0,1.0,0,4,2,4,3,-3,-2,-1,-9
64,69,34,9,0.25,13,77.0,1.0,0,2,1,2,2,-2,-1,-1,-10
65,67,33,7,0.25,13,78.0,1.0,0,0,0,0,1,-2,-1,-1,-11
66,72,36,0,1.0,14,79.0,2.0,0,5,3,5,4,5,3,1,-10
67,71,35,11,0.25,14,81.0,1.0,0,4,2,4,3,-1,-1,-1,-11
68,69,34,9,0.5,14,82.0,2.0,0,2,1,2,2,-2,-1,-1,-12
69,72,36,0,0.25,14,84.0,1.0,0,5,3,5,4,3,2,1,-11
70,71,35,11,1.0,15,85.0,1.0,0,4,2,4,3,-1,-1,-1,-12
71,74,37,2,0.25,15,86.0,1.0,0,7,4,7,5,3,2,1,-11
72,71,35,11,0.25,15,87.0,1.0,0,4,2,4,3,-3,-2,-1,-12
73,69,34,9,0.5,15,88.0,1.0,0,2,1,2,2,-2,-1,-1,-13
74,67,33,7,0.25,15,89.0,1.0,0,0,0,0,1,-2,-1,-1,-14
75,69,34,9,0.25,15,90.0,1.0,0,2,1,2,2,2,1,1,-13
76,67,33,7,1.0,16,91.0,3.0,0,0,0,0,1,-2,-1,-1,-14
77,67,33,7,0.5,16,94.0,2.0,0,0,0,0,1,0,0,0,-14
