,midi_note_num,diatonic_note_num,chromatic_pitch_class,beat_strength,bar_num,offset,duration,velocity,relative_chromatic_pitch,relative_diatonic_pitch,chromatic_scale_degree,diatonic_scale_degree,chromatic_interval,diatonic_interval,parsons_code,parsons_cumsum
0,62,30,2,0.25,0,0.0,1.0,0,-5,-3,7,5,0,0,0,0
1,67,33,7,1.0,1,1.0,2.0,0,0,0,0,1,5,3,1,1
2,67,33,7,0.25,1,3.0,1.0,0,0,0,0,1,0,0,0,1
3,67,33,7,0.5,1,4.0,2.0,0,0,0,0,1,0,0,0,1
4,69,34,9,0.25,1,6.0,1.0,0,2,1,2,2,2,1,1,2
5,71,35,11,1.0,2,7.0,2.0,0,4,2,4,3,2,1,1,3
6,74,37,2,0.25,2,9.0,1.0,0,7,4,7,5,3,2,1,4
7,72,36,0,0.5,2,10.0,1.0,0,5,3,5,4,-2,-1,-1,3
8,71,35,11,0.25,2,11.0,1.0,0,4,2,4,3,-1,-1,-1,2
9,69,34,9,0.25,2,12.0,1.0,0,2,1,2,2,-2,-1,-1,1
10,67,33,7,1.0,3,13.0,3.0,0,0,0,0,1,-2,-1,-1,0
11,67,33,7,0.5,3,16.0,2.0,0,0,0,0,1,0,0,0,0
12,62,30,2,0.25,3,18.0,1.0,0,-5,-3,7,5,-5,-3,-1,-1
13,67,33,7,1.0,4,19.0,2.0,0,0,0,0,1,5,3,1,0
14,67,33,7,0.25,4,21.0,1.0,0,0,0,0,1,0,0,0,0
15,67,33,7,0.5,4,22.0,2.0,0,0,0,0,1,0,0,0,0
16,69,34,9,0.25,4,24.0,1.0,0,2,1,2,2,2,1,1,1
17,71,35,11,1.0,5,25.0,2.0,0,4,2,4,3,2,1,1,2
18,74,37,2,0.25,5,27.0,1.0,0,7,4,7,5,3,2,1,3
19,72,36,0,0.5,5,28.0,1.0,0,5,3,5,4,-2,-1,-1,2
20,71,35,11,0.25,5,29.0,1.0,0,4,2,4,3,-1,-1,-1,1
21,69,34,9,0.25,5,30.0,1.0,0,2,1,2,2,-2,-1,-1,0
22,67,33,7,1.0,6,31.0,3.0,0,0,0,0,1,-2,-1,-1,-1
23,67,33,7,0.5,6,34.0,2.0,0,0,0,0,1,0,0,0,-1
24,74,37,2,0.25,6,36.0,1.0,0,7,4,7,5,7,4,1,0
25,71,35,11,1.0,7,37.0,2.0,0,4,2,4,3,-3,-2,-1,-1
26,74,37,2,0.25,7,39.0,1.0,0,7,4,7,5,3,2,1,0
27,76,38,4,0.5,7,40.0,2.0,0,9,5,9,6,2,1,1,1
28,74,37,2,0.25,7,42.0,1.0,0,7,4,7,5,-2,-1,-1,0
29,76,38,4,1.0,8,43.0,2.0,0,9,5,9,6,2,1,1,1
30,74,37,2,0.25,8,45.0,1.0,0,7,4,7,5,-2,-1,-1,0
31,72,36,0,0.5,8,46.0,2.0,0,5,3,5,4,-2,-1,-1,-1
32,71,35,11,0.25,8,48.0,1.0,0,4,2,4,3,-1,-1,-1,-2
33,69,34,9,1.0,9,49.0,2.0,0,2,1,2,2,-2,-1,-1,-3
34,69,34,9,0.25,9,51.0,1.0,0,2,1,2,2,0,0,0,-3
35,69,34,9,0.5,9,52.0,1.0,0,2,1,2,2,0,0,0,-3
36,71,35,11,0.25,9,53.0,1.0,0,4,2,4,3,2,1,1,-2
37,72,36,0,0.25,9,54.0,1.0,0,5,3,5,4,1,1,1,-1
38,74,37,2,1.0,10,55.0,2.0,0,7,4,7,5,2,1,1,0
39,76,38,4,0.25,10,57.0,1.0,0,9,5,9,6,2,1,1,1
40,74,37,2,0.5,10,58.0,1.0,0,7,4,7,5,-2,-1,-1,0
41,71,35,11,0.25,10,59.0,1.0,0,4,2,4,3,-3,-2,-1,-1
42,69,34,9,0.25,10,60.0,1.0,0,2,1,2,2,-2,-1,-1,-2
43,67,33,7,1.0,11,61.0,3.0,0,0,0,0,1,-2,-1,-1,-3
44,67,33,7,0.5,11,64.0,2.0,0,0,0,0,1,0,0,0,-3
45,74,37,2,0.25,11,66.0,1.0,0,7,4,7,5,7,4,1,-2
46,71,35,11,1.0,12,67.0,2.0,0,4,2,4,3,-3,-2,-1,-3
47,74,37,2,0.25,12,69.0,1.0,0,7,4,7,5,3,2,1,-2
48,76,38,4,0.5,12,70.0,2.0,0,9,5,9,6,2,1,1,-1
49,74,37,2,0.25,12,72.0,1.0,0,7,4,7,5,-2,-1,-1,-2
50,76,38,4,1.0,13,73.0,2.0,0,9,5,9,6,2,1,1,-1
51,74,37,2,0.25,13,75.0,1.0,0,7,4,7,5,-2,-1,-1,-2
52,72,36,0,0.5,13,76.0,2.0,0,5,3,5,4,-2,-1,-1,-3
53,71,35,11,0.25,13,78.0,1.0,0,4,2,4,3,-1,-1,-1,-4
54,69,34,9,1.0,14,79.0,2.0,0,2,1,2,2,-2,-1,-1,-5
55,69,34,9,0.25,14,81.0,1.0,0,2,1,2,2,0,0,0,-5
56,69,34,9,0.5,14,82.0,1.0,0,2,1,2,2,0,0,0,-5
57,71,35,11,0.25,14,83.0,1.0,0,4,2,4,3,2,1,1,-4
58,72,36,0,0.25,14,84.0,1.0,0,5,3,5,4,1,1,1,-3
59,74,37,2,1.0,15,85.0,2.0,0,7,4,7,5,2,1,1,-2
60,76,38,4,0.25,15,87.0,1.0,0,9,5,9,6,2,1,1,-1
61,74,37,2,0.5,15,88.0,1.0,0,7,4,7,5,-2,-1,-1,-2
62,71,35,11,0.25,15,89.0,1.0,0,4,2,4,3,-3,-2,-1,-3
63,69,34,9,0.25,15,90.0,1.0,0,2,1,2,2,-2,-1,-1,-4
64,67,33,7,1.0,16,91.0,3.0,0,0,0,0,1,-2,-1,-1,-5
65,67,33,7,0.5,16,94.0,2.0,0,0,0,0,1,0,0,0,-5
