eighth_note,midi_note_num,diatonic_note_num,chromatic_pitch_class,velocity,relative_chromatic_pitch,relative_diatonic_pitch,chromatic_scale_degree,diatonic_scale_degree,chromatic_interval,diatonic_interval,parsons_code,parsons_cumsum
0,74,37,2,68,67,32,7,5,0,0,0,0
1,74,37,2,72,67,32,7,5,0,0,0,0
2,74,37,2,63,67,32,7,5,0,0,0,0
3,76,38,4,61,69,33,9,6,2,1,1,1
4,74,37,2,62,67,32,7,5,-2,-1,-1,0
5,74,37,2,62,67,32,7,5,-2,-1,-1,0
6,74,37,2,62,67,32,7,5,0,0,0,0
7,72,36,0,63,65,31,5,4,-2,-1,-1,-1
8,71,35,11,63,64,30,4,3,-1,-1,-1,-2
9,69,34,9,61,62,29,2,2,-2,-1,-1,-3
10,67,33,7,65,60,28,0,1,-2,-1,-1,-4
11,71,35,11,56,64,30,4,3,2,1,1,-2
12,74,37,2,62,67,32,7,5,3,2,1,-1
13,67,33,7,56,60,28,0,1,-7,-4,-1,-2
14,69,34,9,67,62,29,2,2,2,1,1,-1
15,72,36,0,57,65,31,5,4,3,2,1,0
16,71,35,11,64,64,30,4,3,-1,-1,-1,-1
17,69,34,9,62,62,29,2,2,-2,-1,-1,-2
18,74,37,2,61,67,32,7,5,5,3,1,-1
19,74,37,2,59,67,32,7,5,0,0,0,-1
20,74,37,2,62,67,32,7,5,0,0,0,-1
21,76,38,4,56,69,33,9,6,2,1,1,0
22,74,37,2,63,67,32,7,5,-2,-1,-1,-1
23,74,37,2,63,67,32,7,5,-2,-1,-1,-1
24,72,36,0,60,65,31,5,4,-2,-1,-1,-2
25,72,36,0,60,65,31,5,4,-2,-1,-1,-2
26,71,35,11,70,64,30,4,3,-1,-1,-1,-3
27,69,34,9,64,62,29,2,2,-2,-1,-1,-4
28,67,33,7,62,60,28,0,1,-2,-1,-1,-5
29,71,35,11,56,64,30,4,3,2,1,1,-3
30,74,37,2,70,67,32,7,5,3,2,1,-2
31,67,33,7,59,60,28,0,1,-7,-4,-1,-3
32,69,34,9,66,62,29,2,2,2,1,1,-2
33,72,36,0,66,65,31,5,4,3,2,1,-1
34,71,35,11,66,64,30,4,3,-1,-1,-1,-2
35,69,34,9,59,62,29,2,2,-2,-1,-1,-3
36,71,35,11,64,64,30,4,3,2,1,1,-2
37,71,35,11,64,64,30,4,3,2,1,1,-2
38,74,37,2,70,67,32,7,5,3,2,1,-1
39,74,37,2,64,67,32,7,5,-2,-1,-1,-1
40,69,34,9,69,62,29,2,2,-5,-3,-1,-2
41,71,35,11,59,64,30,4,3,2,1,1,-1
42,74,37,2,65,67,32,7,5,3,2,1,0
43,67,33,7,62,60,28,0,1,-7,-4,-1,-1
44,71,35,11,61,64,30,4,3,4,2,1,0
45,71,35,11,59,64,30,4,3,0,0,0,0
46,76,38,4,67,69,33,9,6,5,3,1,1
47,74,37,2,64,67,32,7,5,-2,-1,-1,0
48,69,34,9,63,62,29,2,2,-5,-3,-1,-1
49,71,35,11,59,64,30,4,3,2,1,1,0
50,74,37,2,71,67,32,7,5,3,2,1,1
51,67,33,7,65,60,28,0,1,-7,-4,-1,0
52,71,35,11,62,64,30,4,3,4,2,1,1
53,71,35,11,64,64,30,4,3,0,0,0,1
54,71,35,11,72,64,30,4,3,0,0,0,1
55,69,34,9,63,62,29,2,2,-2,-1,-1,0
56,74,37,2,59,67,32,7,5,5,3,1,1
57,74,37,2,59,67,32,7,5,5,3,1,1
58,78,39,6,59,71,34,11,7,4,2,1,2
59,78,39,6,59,71,34,11,7,4,2,1,2
60,76,38,4,60,69,33,9,6,-2,-1,-1,1
61,74,37,2,61,67,32,7,5,-2,-1,-1,0
62,78,39,6,63,71,34,11,7,4,2,1,1
63,78,39,6,62,71,34,11,7,0,0,0,1
64,76,38,4,59,69,33,9,6,-2,-1,-1,0
65,74,37,2,58,67,32,7,5,-2,-1,-1,-1
66,69,34,9,58,62,29,2,2,-5,-3,-1,-2
67,69,34,9,58,62,29,2,2,-5,-3,-1,-2
68,71,35,11,60,64,30,4,3,2,1,1,-1
69,71,35,11,60,64,30,4,3,2,1,1,-1
70,73,36,1,69,66,31,6,4,2,1,1,0
