eighth_note,midi_note_num,diatonic_note_num,chromatic_pitch_class,velocity,relative_chromatic_pitch,relative_diatonic_pitch,chromatic_scale_degree,diatonic_scale_degree,chromatic_interval,diatonic_interval,parsons_code,parsons_cumsum
0,74,37,2,69,67,32,7,5,0,0,0,0
1,74,37,2,62,67,32,7,5,0,0,0,0
2,67,33,7,68,60,28,0,1,-7,-4,-1,-1
3,67,33,7,64,60,28,0,1,0,0,0,-1
4,67,33,7,64,60,28,0,1,0,0,0,-1
5,67,33,7,64,60,28,0,1,0,0,0,-1
6,69,34,9,68,62,29,2,2,2,1,1,0
7,67,33,7,65,60,28,0,1,-2,-1,-1,-1
8,67,33,7,65,60,28,0,1,-2,-1,-1,-1
9,69,34,9,60,62,29,2,2,2,1,1,0
10,71,35,11,71,64,30,4,3,2,1,1,1
11,71,35,11,62,64,30,4,3,0,0,0,1
12,71,35,11,62,64,30,4,3,0,0,0,1
13,74,37,2,63,67,32,7,5,3,2,1,2
14,74,37,2,63,67,32,7,5,3,2,1,2
15,74,37,2,63,67,32,7,5,3,2,1,2
16,74,37,2,63,67,32,7,5,3,2,1,2
17,74,37,2,60,67,32,7,5,0,0,0,2
18,67,33,7,71,60,28,0,1,-7,-4,-1,1
19,67,33,7,67,60,28,0,1,0,0,0,1
20,67,33,7,67,60,28,0,1,0,0,0,1
21,67,33,7,57,60,28,0,1,0,0,0,1
22,69,34,9,71,62,29,2,2,2,1,1,2
23,67,33,7,59,60,28,0,1,-2,-1,-1,1
24,67,33,7,59,60,28,0,1,-2,-1,-1,1
25,69,34,9,66,62,29,2,2,2,1,1,2
26,71,35,11,65,64,30,4,3,2,1,1,3
27,71,35,11,61,64,30,4,3,0,0,0,3
28,71,35,11,61,64,30,4,3,0,0,0,3
29,71,35,11,58,64,30,4,3,0,0,0,3
30,71,35,11,58,64,30,4,3,0,0,0,3
31,71,35,11,58,64,30,4,3,0,0,0,3
32,71,35,11,58,64,30,4,3,0,0,0,3
33,71,35,11,58,64,30,4,3,0,0,0,3
34,74,37,2,63,67,32,7,5,3,2,1,4
35,74,37,2,63,67,32,7,5,0,0,0,4
36,74,37,2,63,67,32,7,5,0,0,0,4
37,74,37,2,63,67,32,7,5,0,0,0,4
38,72,36,0,64,65,31,5,4,-2,-1,-1,3
39,71,35,11,65,64,30,4,3,-1,-1,-1,2
40,72,36,0,65,65,31,5,4,1,1,1,3
41,74,37,2,65,67,32,7,5,2,1,1,4
42,76,38,4,72,69,33,9,6,2,1,1,5
43,76,38,4,61,69,33,9,6,0,0,0,5
44,76,38,4,61,69,33,9,6,0,0,0,5
45,76,38,4,68,69,33,9,6,0,0,0,5
46,76,38,4,68,69,33,9,6,0,0,0,5
47,78,39,6,68,71,34,11,7,2,1,1,6
48,78,39,6,68,71,34,11,7,2,1,1,6
49,79,40,7,61,72,35,0,1,1,1,1,7
50,74,37,2,69,67,32,7,5,-5,-3,-1,6
51,74,37,2,57,67,32,7,5,0,0,0,6
52,76,38,4,65,69,33,9,6,2,1,1,7
53,76,38,4,65,69,33,9,6,2,1,1,7
54,74,37,2,62,67,32,7,5,-2,-1,-1,6
55,74,37,2,60,67,32,7,5,0,0,0,6
56,72,36,0,64,65,31,5,4,-2,-1,-1,5
57,72,36,0,62,65,31,5,4,0,0,0,5
