eighth_note,midi_note_num,diatonic_note_num,chromatic_pitch_class,velocity,relative_chromatic_pitch,relative_diatonic_pitch,chromatic_scale_degree,diatonic_scale_degree,chromatic_interval,diatonic_interval,parsons_code,parsons_cumsum
0,74,37,2,69,67,32,7,5,0,0,0,0
1,74,37,2,62,67,32,7,5,0,0,0,0
2,67,33,7,68,60,28,0,1,-7,-4,-1,-1
3,67,33,7,61,60,28,0,1,0,0,0,-1
4,71,35,11,67,64,30,4,3,4,2,1,0
5,71,35,11,62,64,30,4,3,0,0,0,0
6,69,34,9,68,62,29,2,2,-2,-1,-1,-1
7,69,34,9,60,62,29,2,2,0,0,0,-1
8,67,33,7,68,60,28,0,1,-2,-1,-1,-2
9,69,34,9,65,62,29,2,2,2,1,1,-1
10,71,35,11,71,64,30,4,3,2,1,1,0
11,71,35,11,63,64,30,4,3,0,0,0,0
12,71,35,11,63,64,30,4,3,0,0,0,0
13,74,37,2,68,67,32,7,5,3,2,1,1
14,74,37,2,68,67,32,7,5,3,2,1,1
15,74,37,2,68,67,32,7,5,3,2,1,1
16,74,37,2,68,67,32,7,5,3,2,1,1
17,74,37,2,65,67,32,7,5,0,0,0,1
18,67,33,7,63,60,28,0,1,-7,-4,-1,0
19,67,33,7,65,60,28,0,1,0,0,0,0
20,71,35,11,59,64,30,4,3,4,2,1,1
21,71,35,11,66,64,30,4,3,0,0,0,1
22,69,34,9,62,62,29,2,2,-2,-1,-1,0
23,69,34,9,59,62,29,2,2,0,0,0,0
24,67,33,7,61,60,28,0,1,-2,-1,-1,-1
25,69,34,9,64,62,29,2,2,2,1,1,0
26,71,35,11,64,64,30,4,3,2,1,1,1
27,71,35,11,62,64,30,4,3,0,0,0,1
28,71,35,11,62,64,30,4,3,0,0,0,1
29,71,35,11,63,64,30,4,3,0,0,0,1
30,71,35,11,63,64,30,4,3,0,0,0,1
31,71,35,11,63,64,30,4,3,0,0,0,1
32,71,35,11,69,64,30,4,3,0,0,0,1
33,72,36,0,58,65,31,5,4,1,1,1,2
34,74,37,2,68,67,32,7,5,2,1,1,3
35,76,38,4,65,69,33,9,6,2,1,1,4
36,76,38,4,65,69,33,9,6,2,1,1,4
37,76,38,4,65,69,33,9,6,2,1,1,4
38,72,36,0,69,65,31,5,4,-4,-2,-1,3
39,71,35,11,66,64,30,4,3,-1,-1,-1,2
40,72,36,0,61,65,31,5,4,1,1,1,3
41,74,37,2,62,67,32,7,5,2,1,1,4
42,76,38,4,71,69,33,9,6,2,1,1,5
43,76,38,4,64,69,33,9,6,0,0,0,5
44,76,38,4,64,69,33,9,6,0,0,0,5
45,76,38,4,70,69,33,9,6,0,0,0,5
46,76,38,4,70,69,33,9,6,0,0,0,5
47,71,35,11,57,64,30,4,3,-5,-3,-1,4
48,71,35,11,68,64,30,4,3,0,0,0,4
49,72,36,0,56,65,31,5,4,1,1,1,5
50,74,37,2,67,67,32,7,5,2,1,1,6
51,76,38,4,62,69,33,9,6,2,1,1,7
52,76,38,4,62,69,33,9,6,2,1,1,7
53,76,38,4,62,69,33,9,6,2,1,1,7
54,74,37,2,71,67,32,7,5,-2,-1,-1,6
55,76,38,4,65,69,33,9,6,2,1,1,7
56,74,37,2,61,67,32,7,5,-2,-1,-1,6
57,72,36,0,64,65,31,5,4,-2,-1,-1,5
